0 1
0 2
0 3
0 4
0 5
0 6
0 19
0 25
0 27
0 33
0 37
0 45
0 47
0 64
0 91
0 107
0 115
0 116
0 118
0 128
0 158
0 162
0 168
0 215
0 219
1 4
1 6
1 7
1 9
1 11
1 14
1 19
1 36
1 39
1 41
1 76
1 77
1 108
1 109
1 110
1 112
1 140
1 215
1 243
2 4
2 5
2 7
2 8
2 9
2 10
2 11
2 12
2 13
2 15
2 16
2 17
2 19
2 20
2 21
2 22
2 23
2 35
2 36
2 37
2 38
2 47
2 51
2 55
2 60
2 61
2 67
2 69
2 75
2 80
2 81
2 86
2 87
2 89
2 100
2 107
2 111
2 112
2 113
2 114
2 115
2 123
2 132
2 133
2 135
2 137
2 141
2 148
2 149
2 156
2 158
2 160
2 161
2 176
2 178
2 188
2 199
2 200
2 210
2 211
2 221
2 224
2 231
2 236
2 241
2 243
3 95
3 101
3 118
3 249
4 5
4 6
4 11
4 12
4 13
4 24
4 27
4 30
4 49
4 55
4 62
4 64
4 81
4 87
4 121
4 139
4 146
4 167
4 173
4 177
4 208
4 229
4 237
5 7
5 8
5 14
5 21
5 52
5 66
5 74
5 152
5 204
5 228
6 8
6 10
6 14
6 15
6 20
6 24
6 26
6 28
6 46
6 56
6 58
6 66
6 73
6 74
6 75
6 82
6 84
6 88
6 105
6 147
6 150
6 155
6 163
6 180
6 193
6 246
7 9
7 23
7 24
7 25
7 38
7 44
7 52
7 58
7 79
7 88
7 143
7 145
7 163
7 181
7 195
7 221
8 10
8 12
8 57
8 72
8 125
8 130
8 140
8 142
8 145
8 147
8 198
8 239
9 18
9 22
9 23
9 25
9 28
9 29
9 39
9 58
9 60
9 78
9 120
9 123
9 136
9 142
9 150
9 156
9 162
10 16
10 31
10 34
10 41
10 56
10 67
10 179
10 194
10 207
10 213
11 13
11 15
11 16
11 17
11 20
11 22
11 26
11 30
11 35
11 39
11 40
11 45
11 54
11 69
11 70
11 75
11 94
11 108
11 110
11 113
11 172
11 210
11 215
12 31
12 47
12 93
13 18
13 21
13 36
13 43
13 69
13 71
13 78
13 90
13 92
13 95
13 98
13 99
13 151
13 186
13 201
13 205
14 18
14 32
14 37
14 40
14 41
14 53
14 63
14 65
14 66
14 78
14 98
14 152
14 165
14 189
15 30
15 45
15 73
15 84
15 86
15 99
15 119
15 126
15 135
15 157
16 17
16 43
16 91
16 151
17 42
17 54
17 59
17 67
17 90
17 94
17 218
18 28
18 29
18 40
18 79
18 100
18 123
18 160
19 29
19 103
19 178
19 193
19 235
19 241
20 31
20 51
20 62
20 63
20 94
20 112
20 117
20 130
20 133
20 136
20 164
20 190
20 191
20 248
21 83
21 167
21 219
21 242
22 32
22 44
22 49
22 55
22 102
22 103
22 104
22 125
22 129
22 221
22 224
22 245
23 35
23 77
23 95
23 131
23 175
23 233
24 26
24 34
24 44
24 61
24 71
24 81
24 83
24 86
24 129
24 172
24 184
24 185
24 240
25 27
25 42
25 127
25 224
25 227
26 38
26 42
26 82
26 89
26 122
26 202
27 234
27 240
28 180
28 213
29 32
29 34
29 56
29 70
29 93
29 106
29 154
29 189
29 191
29 203
30 33
30 50
30 57
30 103
30 138
30 185
30 246
31 33
31 46
31 89
31 100
31 126
31 168
31 174
31 195
31 200
31 214
31 230
31 245
32 88
32 92
32 93
32 106
32 144
32 164
32 209
32 231
34 48
34 61
34 63
34 71
34 119
34 145
34 151
34 152
34 161
34 170
34 192
34 201
34 218
34 219
35 50
35 159
35 204
35 234
36 68
36 137
36 183
36 187
37 43
37 64
37 96
37 117
37 153
37 154
37 170
37 200
38 109
38 153
38 190
38 208
38 247
39 50
39 53
39 59
39 96
39 105
39 106
39 166
39 172
39 182
39 222
39 247
40 46
40 48
40 51
40 57
40 83
40 114
40 116
40 122
40 137
40 169
40 198
40 199
40 225
42 59
42 85
42 220
42 242
43 52
43 60
43 68
43 73
43 92
43 97
43 113
43 124
43 150
43 170
43 210
43 214
43 230
44 99
44 131
44 197
44 244
45 48
45 128
45 173
47 49
47 68
47 72
47 80
47 90
47 212
47 223
48 53
48 54
48 65
48 101
49 72
50 62
50 76
50 104
50 134
50 236
51 165
52 115
52 198
54 74
54 76
54 159
54 246
55 85
55 96
55 165
55 175
56 65
56 84
56 110
56 133
57 77
57 109
57 129
57 138
57 183
57 196
57 216
59 101
59 104
59 146
59 166
59 177
59 181
59 205
60 70
60 166
60 217
60 248
61 144
62 87
62 182
64 79
64 171
64 181
64 194
64 196
64 222
64 249
65 85
65 108
65 117
65 132
65 196
65 197
66 136
66 223
66 236
67 157
68 232
69 127
71 205
71 231
74 105
75 82
76 80
76 126
76 238
77 114
77 120
77 124
77 157
77 192
77 203
78 107
78 241
79 154
80 135
80 171
81 91
81 220
82 97
82 111
82 177
82 190
84 155
85 122
85 193
86 209
87 230
88 164
90 216
91 102
91 189
92 97
92 118
92 237
93 102
93 169
93 207
94 98
94 120
94 153
94 176
94 226
95 162
95 188
96 143
96 178
96 191
96 220
97 148
97 149
97 156
98 116
98 180
98 202
99 139
100 125
100 142
100 171
100 175
100 184
100 204
101 147
103 149
103 207
104 119
104 134
104 160
104 199
104 243
105 111
105 127
105 138
105 159
105 161
105 174
105 222
106 216
106 238
107 140
108 134
108 139
108 194
108 217
108 223
108 229
108 238
109 121
109 124
109 182
111 130
111 132
111 225
112 121
113 179
113 201
113 227
114 173
115 131
115 227
118 187
118 202
119 169
119 237
120 144
120 188
120 203
122 128
122 174
123 141
125 167
125 168
126 141
126 208
127 143
127 146
127 232
127 234
127 249
128 148
128 183
129 186
129 240
134 186
135 244
136 163
136 245
137 155
139 244
141 158
141 218
141 239
142 176
144 179
144 247
145 233
147 187
147 228
150 197
165 226
167 248
169 192
169 195
170 184
170 185
170 206
171 229
171 242
175 225
177 233
178 226
179 206
186 214
187 206
187 209
187 212
187 235
188 213
188 217
190 212
191 211
194 211
206 235
216 228
223 239
229 232
