0 1
0 2
0 3
0 4
0 5
0 6
0 7
0 8
0 9
0 11
0 13
0 14
0 15
0 16
0 17
0 20
0 21
0 22
0 23
0 25
0 26
0 27
0 28
0 34
0 35
0 36
0 37
0 41
0 43
0 51
0 54
0 56
0 58
0 59
0 60
0 64
0 68
0 72
0 74
0 77
0 79
0 84
0 85
0 88
0 94
0 96
0 105
0 108
0 110
0 111
0 119
0 122
0 127
0 128
0 134
0 137
0 138
0 139
0 141
0 148
0 149
0 151
0 153
0 157
0 159
0 162
0 175
0 183
0 189
0 210
0 216
0 229
0 238
0 254
0 256
0 278
0 282
0 285
0 288
0 296
0 298
0 314
0 319
0 331
0 334
0 344
0 350
0 354
0 355
0 378
0 395
0 400
0 402
0 403
0 410
0 424
0 443
0 446
0 448
0 453
0 461
0 462
0 467
0 469
0 491
0 503
0 506
0 520
0 545
0 549
0 564
0 567
0 596
0 614
0 629
0 658
0 665
0 684
0 699
0 705
0 719
0 724
1 4
1 6
1 18
1 30
1 61
1 166
1 180
1 191
1 215
1 262
1 284
1 444
1 450
1 460
1 511
1 565
1 746
2 18
2 33
2 47
2 48
2 59
2 91
2 126
2 168
2 170
2 188
2 239
2 307
2 327
2 395
2 418
2 420
2 474
2 536
3 4
3 5
3 6
3 7
3 12
3 23
3 31
3 36
3 48
3 50
3 58
3 68
3 71
3 76
3 112
3 114
3 118
3 119
3 123
3 125
3 163
3 165
3 174
3 177
3 192
3 196
3 223
3 238
3 240
3 244
3 245
3 268
3 270
3 279
3 282
3 295
3 302
3 311
3 360
3 366
3 367
3 375
3 382
3 383
3 388
3 398
3 433
3 474
3 481
3 488
3 513
3 533
3 583
3 586
3 610
3 613
3 692
3 726
3 734
4 5
4 7
4 8
4 11
4 14
4 29
4 31
4 35
4 41
4 42
4 46
4 53
4 54
4 74
4 104
4 110
4 120
4 132
4 150
4 154
4 155
4 156
4 161
4 178
4 179
4 181
4 202
4 226
4 230
4 236
4 243
4 254
4 265
4 276
4 331
4 340
4 345
4 402
4 436
4 475
4 477
4 551
4 572
4 594
4 595
4 661
4 695
4 738
4 740
4 746
5 10
5 11
5 12
5 13
5 16
5 18
5 21
5 26
5 29
5 33
5 41
5 43
5 44
5 47
5 60
5 66
5 67
5 82
5 84
5 87
5 102
5 106
5 112
5 130
5 139
5 147
5 155
5 171
5 176
5 188
5 190
5 195
5 218
5 238
5 270
5 311
5 324
5 335
5 355
5 361
5 369
5 379
5 407
5 408
5 412
5 419
5 475
5 480
5 481
5 508
5 619
5 668
5 678
5 695
6 8
6 10
6 13
6 17
6 19
6 20
6 22
6 33
6 45
6 55
6 57
6 74
6 99
6 101
6 128
6 134
6 144
6 160
6 187
6 197
6 209
6 215
6 221
6 247
6 248
6 258
6 262
6 275
6 278
6 322
6 353
6 354
6 363
6 371
6 671
6 731
7 9
7 10
7 15
7 23
7 25
7 28
7 30
7 57
7 62
7 90
7 103
7 127
7 143
7 153
7 186
7 198
7 229
7 288
7 306
7 338
7 366
7 436
7 504
7 517
7 579
7 644
8 9
8 21
8 38
8 55
8 61
8 79
8 87
8 97
8 104
8 131
8 135
8 150
8 162
8 168
8 171
8 177
8 202
8 203
8 225
8 290
8 306
8 312
8 347
8 362
8 423
8 457
8 464
8 470
8 483
8 535
8 550
8 590
8 620
8 669
8 727
8 732
8 737
9 16
9 17
9 22
9 30
9 32
9 43
9 59
9 63
9 90
9 94
9 98
9 125
9 131
9 133
9 140
9 142
9 151
9 161
9 178
9 186
9 224
9 227
9 230
9 285
9 291
9 307
9 308
9 425
9 427
9 457
9 472
9 515
9 568
9 576
9 620
9 631
9 655
9 709
9 729
10 12
10 15
10 19
10 28
10 39
10 53
10 57
10 61
10 64
10 71
10 82
10 87
10 123
10 154
10 211
10 246
10 253
10 265
10 272
10 302
10 323
10 359
10 401
10 412
10 438
10 453
10 482
10 497
10 571
10 587
10 589
10 606
10 612
10 622
10 668
10 673
10 679
10 737
11 14
11 55
11 70
11 76
11 77
11 82
11 83
11 109
11 117
11 131
11 159
11 218
11 228
11 252
11 299
11 300
11 308
11 330
11 367
11 385
11 413
11 417
11 423
11 574
11 586
11 593
11 616
11 659
11 686
12 113
12 160
12 184
12 198
12 231
12 243
12 245
12 341
12 486
12 489
13 34
13 67
13 80
13 89
13 128
13 523
14 80
14 115
14 126
14 201
14 251
14 318
14 334
14 548
14 605
15 20
15 24
15 26
15 32
15 37
15 39
15 52
15 64
15 69
15 103
15 169
15 182
15 184
15 213
15 226
15 240
15 244
15 314
15 406
15 512
15 567
15 673
15 681
15 727
15 745
16 19
16 24
16 60
16 69
16 83
16 93
16 145
16 178
16 194
16 201
16 205
16 209
16 249
16 263
16 273
16 316
16 405
16 417
16 437
16 456
16 567
16 602
16 621
16 634
16 670
17 266
17 314
17 609
18 29
18 40
18 65
18 170
18 185
18 207
18 210
18 280
18 332
18 385
18 449
18 456
18 478
18 481
18 484
18 490
18 537
18 551
18 601
18 649
19 38
19 44
19 46
19 116
19 149
19 168
19 252
19 298
19 326
19 379
19 496
19 514
19 749
20 39
20 40
20 71
20 101
20 110
20 117
20 136
20 140
20 148
20 259
20 418
20 619
20 715
21 24
21 51
21 116
21 156
21 161
21 172
21 175
21 299
21 321
21 417
21 461
21 514
21 656
21 734
22 56
22 114
22 212
22 246
22 329
22 374
23 95
23 346
23 364
23 455
24 25
24 27
24 56
24 73
24 142
24 155
24 186
24 278
24 301
24 364
24 421
24 425
24 443
24 547
24 555
24 654
24 733
25 27
25 31
25 32
25 36
25 45
25 49
25 50
25 85
25 89
25 108
25 135
25 136
25 167
25 180
25 185
25 209
25 219
25 220
25 224
25 291
25 343
25 426
25 428
25 442
25 563
25 566
25 617
25 651
25 661
26 65
26 104
26 105
26 106
26 116
26 119
26 133
26 144
26 153
26 179
26 193
26 208
26 234
26 328
26 419
26 424
26 512
26 520
26 529
26 552
26 577
27 256
28 100
28 311
28 362
28 477
28 491
29 34
29 35
29 38
29 49
29 50
29 63
29 68
29 73
29 79
29 85
29 86
29 90
29 92
29 187
29 212
29 224
29 257
29 316
29 325
29 337
29 351
29 353
29 358
29 360
29 389
29 416
29 446
29 458
29 467
29 519
29 591
29 595
29 639
29 652
29 703
29 704
30 37
30 44
30 52
30 78
30 81
30 91
30 95
30 100
30 127
30 129
30 222
30 243
30 289
30 348
30 374
30 387
30 392
30 483
30 502
30 510
30 573
30 607
30 629
30 698
31 170
31 220
31 257
31 297
31 429
31 430
31 459
31 688
32 66
32 98
32 137
32 143
32 147
32 158
32 254
32 270
32 303
32 343
32 400
32 405
32 531
32 644
32 726
33 40
33 99
33 193
33 297
33 339
33 478
33 534
33 536
34 49
34 67
34 101
34 586
36 80
36 81
36 115
36 207
36 221
36 248
36 266
36 328
36 333
36 395
36 401
36 415
36 450
36 507
36 574
36 577
36 642
37 63
37 65
37 107
37 135
37 140
37 196
37 213
37 381
37 599
38 94
38 286
38 525
38 702
39 48
39 69
39 115
39 130
39 147
39 191
39 205
39 235
39 258
39 280
39 453
39 489
39 553
39 618
39 621
39 667
39 704
39 710
39 729
40 42
40 46
40 58
40 95
40 96
40 120
40 173
40 183
40 191
40 352
40 356
40 378
40 484
40 523
40 590
40 720
40 721
40 725
41 42
41 45
41 70
41 88
41 93
41 102
41 106
41 137
41 164
41 171
41 182
41 215
41 231
41 250
41 273
41 305
41 335
41 393
41 443
41 445
41 457
41 538
41 566
41 669
41 681
41 715
42 62
42 190
42 657
43 75
43 222
43 266
43 435
43 452
43 459
43 546
43 550
43 640
44 47
44 51
44 52
44 53
44 199
44 326
44 403
44 497
44 505
44 525
44 714
45 194
45 286
45 640
46 84
46 282
46 283
46 342
46 522
46 548
46 551
46 726
46 744
47 70
47 75
47 81
47 211
47 233
47 255
47 287
47 361
48 54
48 78
48 241
48 294
48 303
48 450
48 459
48 472
48 493
48 660
49 72
49 107
49 152
49 202
49 218
49 239
49 272
49 274
49 346
49 369
49 375
49 397
49 415
49 576
49 617
49 649
49 653
49 672
49 730
50 73
50 76
50 158
50 246
50 277
50 318
50 451
50 548
50 688
51 66
51 200
51 276
51 344
51 557
52 96
52 160
52 227
52 368
52 408
52 429
52 471
52 494
52 647
52 687
53 86
53 102
53 111
53 158
53 185
53 199
53 217
53 247
53 267
53 304
53 377
53 381
53 408
53 415
53 514
53 556
53 579
53 640
53 689
53 736
54 78
54 174
54 240
54 241
54 267
54 330
54 366
54 487
54 507
54 547
54 568
54 571
54 660
54 674
54 686
55 86
55 121
55 126
55 399
55 473
55 505
55 547
56 322
56 560
56 605
57 156
57 260
57 295
57 485
57 569
57 612
57 641
57 647
58 198
58 230
59 83
59 93
59 103
59 117
59 124
59 130
59 212
59 227
59 251
59 260
59 280
59 334
59 531
59 641
60 62
60 132
60 265
60 575
60 671
61 200
61 269
61 744
62 129
62 204
62 389
62 706
63 145
64 166
64 455
64 611
65 109
65 124
65 150
65 349
65 391
65 392
65 440
65 483
66 92
66 276
66 284
66 309
66 325
66 329
66 393
66 463
66 496
66 563
66 646
66 656
66 745
67 120
67 141
67 169
67 197
67 537
67 646
68 75
68 113
68 132
68 139
68 151
68 172
68 187
68 223
68 247
68 281
68 284
68 351
68 545
68 627
68 716
70 148
70 245
70 271
70 345
70 438
70 442
70 707
71 72
71 356
71 600
71 623
71 714
72 92
72 312
72 336
72 486
72 559
72 562
73 77
73 214
73 411
73 585
73 718
74 138
74 157
74 370
74 464
75 98
75 258
75 263
75 292
75 386
75 666
75 740
76 125
76 237
76 281
76 327
76 342
76 522
76 674
76 703
76 713
77 114
77 165
77 176
77 192
77 193
77 293
77 324
77 381
77 387
77 608
78 107
78 121
78 164
78 241
78 261
78 285
78 413
78 430
78 439
78 599
78 648
78 668
79 97
79 174
79 296
79 431
79 549
79 593
80 122
80 197
80 320
81 203
81 261
81 263
81 515
82 138
82 743
83 188
83 262
83 277
83 330
83 369
83 399
83 509
84 97
84 121
84 165
84 190
84 287
84 431
84 663
84 733
85 286
85 301
85 348
85 364
85 651
85 748
86 89
86 112
86 144
86 152
86 204
86 275
86 349
86 468
86 518
87 88
87 123
87 146
87 176
87 244
87 324
87 555
88 91
88 108
88 180
88 206
88 283
88 348
88 504
88 602
89 100
89 136
89 167
89 292
89 488
90 109
90 232
90 291
90 388
90 391
90 398
90 433
90 467
90 469
90 501
90 510
90 610
90 614
91 195
91 251
91 271
93 163
93 249
93 303
93 405
94 99
94 113
94 175
94 242
94 279
94 305
94 337
94 604
94 676
94 707
95 105
95 133
95 203
95 361
95 406
95 706
96 154
96 233
96 237
96 264
96 323
96 380
96 384
96 397
96 611
96 638
96 659
96 717
97 253
97 300
98 111
98 458
99 146
99 313
100 456
100 471
100 573
101 416
101 524
101 652
102 477
102 484
103 142
103 273
103 317
103 339
103 446
104 134
104 208
104 492
105 164
105 298
105 462
105 588
105 644
107 163
107 499
108 157
109 118
109 368
109 430
109 540
109 687
110 250
110 650
111 129
111 141
111 206
111 272
111 289
111 454
111 487
111 528
111 537
111 615
111 634
111 680
111 692
111 748
112 145
112 486
112 495
112 698
112 706
113 122
113 167
113 310
113 317
113 342
113 503
113 504
113 725
113 749
114 159
114 181
114 204
114 235
114 337
114 441
114 542
114 718
115 182
115 438
115 445
115 624
116 124
116 181
116 521
116 563
117 118
117 418
117 472
117 579
117 661
118 237
118 359
118 638
119 195
119 260
119 354
119 541
120 226
120 460
122 172
122 219
122 552
122 699
123 143
123 368
123 708
124 319
124 377
124 495
124 635
125 479
125 679
126 146
126 502
126 597
126 671
128 162
128 355
128 374
128 440
128 560
129 166
129 169
129 217
129 283
129 339
129 527
129 739
129 741
130 200
130 500
130 562
131 269
131 296
131 322
131 657
131 710
131 727
132 173
132 300
132 333
132 426
132 491
132 717
133 539
134 207
134 233
134 340
134 353
134 743
136 177
136 228
136 419
136 469
137 271
137 310
137 320
137 341
137 376
138 211
138 538
138 648
139 219
140 189
140 232
140 371
140 386
140 412
140 693
141 225
141 229
141 422
142 250
142 274
142 297
142 409
143 248
143 404
143 420
144 336
144 747
145 149
145 313
145 577
145 630
145 675
146 152
146 201
146 293
146 533
146 746
147 268
147 540
148 173
148 206
148 210
148 269
148 277
148 573
148 604
148 678
148 732
149 255
149 350
149 420
149 434
149 476
150 705
151 214
151 397
151 470
151 501
151 621
153 259
153 293
153 318
153 380
153 421
153 434
153 512
153 539
153 552
153 738
154 289
154 376
154 698
155 499
155 745
156 256
156 264
156 304
156 402
156 597
156 677
156 685
156 738
157 315
157 498
157 554
158 518
158 675
159 196
159 413
159 638
161 492
161 565
161 628
161 682
162 234
162 404
162 743
163 442
163 545
165 460
166 683
167 194
168 225
168 344
168 684
168 741
169 252
170 257
170 290
170 367
170 372
170 396
170 566
170 607
170 709
171 179
171 183
171 315
171 372
171 449
171 575
172 208
172 216
172 609
173 184
173 205
173 231
175 526
177 299
177 530
177 635
177 719
177 723
179 192
179 267
179 517
180 189
180 199
180 220
180 274
180 292
180 635
181 352
181 519
182 228
182 437
183 216
183 351
183 553
184 375
184 516
185 497
185 578
186 295
186 384
186 473
186 515
186 553
187 213
187 452
187 734
188 222
188 358
190 320
190 406
190 503
190 520
190 732
191 454
192 317
192 363
192 542
193 281
193 345
193 639
193 721
194 304
194 362
194 602
195 321
195 383
195 532
196 312
196 316
196 388
196 670
197 580
197 724
198 294
198 329
198 425
198 473
198 736
199 217
199 235
199 268
199 328
199 421
199 435
199 444
199 493
199 565
199 695
201 372
202 249
203 365
203 523
203 623
203 665
204 561
205 392
206 544
206 700
207 214
209 309
209 363
209 494
209 614
209 649
210 234
210 275
210 739
212 323
212 441
212 492
213 719
214 310
214 549
215 378
216 463
216 675
217 221
217 232
217 338
217 382
217 464
217 681
218 666
220 655
221 223
221 555
222 616
223 399
223 447
223 508
223 742
224 332
224 347
224 398
224 454
224 534
224 592
224 664
224 687
225 386
225 468
225 476
226 409
226 598
226 603
227 236
227 496
227 662
229 242
230 287
230 396
230 650
230 694
231 236
231 239
231 253
231 288
231 331
231 432
231 529
231 585
231 637
232 380
232 517
232 591
233 307
233 622
233 741
234 242
234 347
234 370
234 427
234 490
234 712
235 624
236 426
236 633
237 313
237 665
238 315
238 377
238 385
238 556
238 637
238 650
239 594
239 742
239 744
240 290
240 570
241 264
241 319
241 360
241 458
243 474
243 737
244 540
246 259
246 394
246 466
246 574
247 352
248 255
248 498
248 557
250 618
252 451
252 613
253 321
253 561
253 689
254 376
254 557
254 700
254 749
256 428
256 447
256 572
258 261
258 608
259 383
259 633
260 294
260 302
260 507
260 544
260 587
264 301
264 305
264 448
264 506
264 544
264 585
265 279
265 394
266 358
267 495
268 365
268 384
268 439
268 490
269 600
270 335
271 309
271 346
271 439
271 546
272 308
272 365
272 626
272 636
272 672
273 480
276 685
278 422
278 596
278 598
278 667
279 423
281 625
283 350
283 572
283 656
284 333
284 336
284 357
284 561
284 589
287 326
287 387
287 684
288 554
288 669
288 731
290 341
290 400
290 747
291 343
292 306
292 736
294 530
294 658
295 391
295 693
296 373
296 448
296 697
297 379
297 422
297 666
298 471
299 511
300 449
300 521
300 525
300 642
301 403
301 466
301 630
303 440
303 578
303 642
305 582
306 327
306 683
306 702
307 407
307 414
307 678
307 721
308 596
308 608
308 628
309 636
310 424
311 325
311 340
311 390
311 528
311 542
311 616
311 618
311 664
311 697
311 711
312 389
313 373
314 356
314 629
317 393
317 411
317 603
319 682
320 436
320 595
320 627
320 711
321 583
321 716
322 434
322 435
322 631
322 700
323 510
323 601
323 730
325 625
326 416
326 538
326 625
327 332
327 338
327 414
327 487
327 712
328 390
328 527
328 643
329 441
329 531
329 735
330 371
330 599
330 632
330 748
332 349
335 532
336 357
337 373
337 508
337 550
337 568
337 584
338 718
339 720
342 437
342 499
342 615
343 427
343 630
344 359
344 536
344 610
344 613
344 691
345 524
345 693
346 569
346 707
346 730
347 414
348 592
349 370
349 663
352 562
352 705
353 357
353 407
353 432
353 470
353 554
353 703
356 521
357 581
358 468
359 598
359 742
360 485
362 527
362 530
363 593
364 509
364 541
366 465
367 559
369 571
369 645
369 676
370 447
371 444
371 461
371 617
372 463
372 636
373 560
373 581
374 409
374 702
375 433
375 519
375 603
375 747
376 401
377 479
378 619
378 682
378 701
379 728
380 382
380 390
381 432
381 588
381 663
381 709
382 590
382 620
384 431
385 404
385 476
385 478
385 479
386 394
386 513
386 524
386 667
389 645
389 651
391 411
391 429
392 396
392 677
392 712
394 445
396 680
397 452
397 502
398 466
402 505
402 546
402 690
403 410
403 606
404 541
405 564
405 575
405 580
405 704
406 506
407 465
407 711
408 410
408 428
409 516
409 526
409 581
411 509
411 513
412 580
413 462
416 570
417 451
418 528
418 589
419 475
419 533
421 500
421 605
421 645
422 488
422 559
422 569
423 623
424 556
424 584
426 597
427 584
427 588
427 713
428 489
429 691
431 633
432 626
432 655
432 683
433 539
433 696
434 482
435 591
435 715
436 643
438 641
439 455
439 526
440 494
440 612
442 480
442 543
442 648
443 511
443 626
444 516
444 522
444 558
447 694
448 535
451 543
452 679
452 690
453 465
453 578
454 529
455 699
457 482
457 609
458 485
461 498
462 708
464 662
465 582
468 535
469 501
471 518
471 611
472 723
474 708
479 493
479 543
479 564
479 622
479 680
479 714
485 713
487 500
487 654
489 728
490 691
491 701
495 576
496 639
499 628
500 637
503 725
506 662
507 594
507 688
512 532
512 643
512 697
516 583
516 601
519 696
521 558
522 735
525 720
528 660
528 696
529 534
529 631
529 653
531 587
531 653
533 570
534 592
534 615
541 607
543 672
545 652
545 686
548 558
552 600
552 710
560 632
561 716
562 646
562 717
568 582
572 604
573 659
573 739
575 632
585 627
585 692
589 685
590 606
591 677
592 689
594 664
599 647
603 624
604 723
605 694
616 634
616 676
618 729
618 735
626 657
630 654
631 722
638 673
639 740
645 690
647 731
652 658
660 670
660 674
666 722
671 724
680 733
683 701
712 722
713 728
