0 1
0 2
0 3
0 4
0 7
0 11
0 12
0 15
0 16
0 22
0 23
0 26
0 29
0 34
0 35
0 38
0 43
0 50
0 56
0 60
0 62
0 66
0 76
0 81
0 86
0 98
0 111
0 133
0 167
0 174
0 186
0 191
0 206
0 217
0 220
0 237
0 249
0 289
0 294
0 303
0 334
0 352
0 360
0 375
0 408
0 413
0 429
0 432
0 466
0 477
1 4
1 5
1 6
1 8
1 9
1 10
1 12
1 21
1 31
1 32
1 35
1 37
1 38
1 46
1 47
1 51
1 52
1 53
1 81
1 91
1 96
1 139
1 143
1 144
1 153
1 159
1 183
1 187
1 196
1 218
1 258
1 280
1 294
1 314
1 322
1 345
1 401
1 409
1 419
1 455
1 476
1 477
2 11
2 16
2 281
2 365
2 456
3 4
3 5
3 38
3 64
3 68
3 83
3 90
3 117
3 135
3 258
3 269
3 321
3 393
3 418
3 460
4 5
4 6
4 9
4 10
4 31
4 33
4 46
4 82
4 136
4 147
4 236
4 238
4 244
4 279
4 342
4 343
4 417
4 467
4 475
4 477
4 495
5 6
5 7
5 8
5 12
5 13
5 14
5 24
5 25
5 27
5 28
5 30
5 39
5 40
5 42
5 54
5 58
5 59
5 75
5 80
5 86
5 91
5 92
5 98
5 101
5 120
5 142
5 172
5 173
5 179
5 181
5 190
5 198
5 200
5 231
5 244
5 251
5 294
5 306
5 347
5 348
5 354
5 370
5 376
5 385
5 417
5 421
5 453
5 456
5 464
6 7
6 8
6 13
6 14
6 17
6 19
6 21
6 23
6 26
6 28
6 29
6 36
6 39
6 42
6 44
6 46
6 47
6 48
6 49
6 50
6 53
6 55
6 57
6 63
6 65
6 72
6 77
6 88
6 92
6 94
6 99
6 104
6 105
6 106
6 115
6 122
6 127
6 146
6 157
6 168
6 169
6 176
6 188
6 195
6 199
6 207
6 222
6 260
6 261
6 269
6 270
6 272
6 291
6 358
6 365
6 366
6 386
6 403
6 427
6 446
6 458
6 462
6 480
7 17
7 25
7 61
7 97
7 113
8 9
8 15
8 16
8 18
8 19
8 20
8 22
8 33
8 60
8 71
8 95
8 97
8 102
8 132
8 150
8 163
8 271
8 286
8 369
8 381
8 432
8 473
8 482
9 10
9 116
9 152
9 214
9 215
9 270
9 349
9 378
9 416
10 11
10 14
10 30
10 36
10 43
10 62
10 71
10 75
10 84
10 88
10 105
10 126
10 131
10 169
10 230
10 241
10 262
10 298
10 326
10 353
10 368
10 396
10 413
10 424
11 43
11 45
11 56
11 65
11 135
11 191
11 206
11 219
11 266
11 341
11 383
11 487
12 13
12 18
12 47
12 64
12 70
12 107
12 118
12 138
12 152
12 153
12 162
12 164
12 196
12 205
12 218
12 240
12 246
12 254
12 281
12 392
13 15
13 18
13 27
13 63
13 76
13 87
13 110
13 125
13 135
13 146
13 197
13 198
13 236
13 247
13 253
13 309
13 335
13 359
13 363
13 467
13 486
13 488
14 20
14 25
14 48
14 59
14 70
14 96
14 165
14 166
14 287
14 315
14 318
14 421
14 461
14 469
15 17
15 29
15 94
15 106
15 114
15 133
15 138
15 215
15 218
15 369
15 386
15 393
15 418
15 437
15 491
16 67
16 108
16 171
16 201
16 313
16 385
16 459
17 20
17 41
17 45
17 57
17 58
17 67
17 72
17 78
17 81
17 92
17 119
17 136
17 140
17 171
17 177
17 188
17 189
17 193
17 202
17 203
17 284
17 309
17 313
17 384
17 394
17 471
17 482
17 492
17 498
18 19
18 21
18 22
18 24
18 37
18 44
18 175
18 182
18 204
18 207
18 214
18 277
18 297
18 300
18 329
18 332
18 339
18 399
18 451
19 23
19 49
19 51
19 87
19 97
19 108
19 114
19 116
19 125
19 189
19 229
19 243
19 303
19 311
19 364
19 397
19 422
19 427
19 428
20 26
20 31
20 34
20 39
20 40
20 42
20 74
20 151
20 154
20 176
20 269
20 290
20 317
20 340
20 361
20 389
20 399
20 447
21 27
21 30
21 34
21 36
21 59
21 85
21 247
21 312
21 388
21 442
22 32
22 44
22 49
22 71
22 73
22 93
22 109
22 118
22 128
22 136
22 137
22 148
22 151
22 163
22 184
22 209
22 227
22 253
22 277
22 383
22 387
23 24
23 37
23 53
23 54
23 78
23 107
23 112
23 132
23 157
23 221
23 257
23 349
23 359
23 371
23 397
23 430
24 84
24 134
24 143
24 200
24 211
24 242
24 424
25 28
25 33
25 41
25 57
25 162
25 170
25 209
25 245
25 295
25 298
25 311
25 333
25 349
25 390
25 419
25 484
26 40
26 119
26 155
26 280
26 310
26 364
26 411
27 78
27 83
27 104
27 113
27 173
27 185
27 224
27 250
27 276
27 310
27 356
28 55
28 83
28 129
28 197
28 243
28 250
28 257
28 293
28 332
28 335
28 355
28 413
28 471
29 73
29 100
29 145
29 210
29 445
30 32
30 75
30 126
30 185
30 308
30 457
31 93
31 132
31 204
32 156
32 220
33 272
33 380
33 411
34 35
34 74
34 331
34 419
34 443
35 101
35 137
35 222
35 225
35 323
35 324
35 327
35 337
35 362
35 368
35 408
36 52
36 158
36 245
36 287
36 313
37 79
37 110
37 128
37 142
37 149
37 214
37 260
37 272
37 315
37 438
37 495
38 45
38 52
38 61
38 65
38 66
38 73
38 74
38 80
38 85
38 96
38 106
38 109
38 120
38 178
38 183
38 249
38 263
38 276
38 320
38 355
38 420
38 428
38 430
38 442
38 447
38 469
39 270
40 41
40 80
40 102
40 124
40 351
40 483
41 98
41 370
41 379
41 454
42 68
42 84
42 112
42 127
42 143
42 333
42 452
42 468
43 278
44 51
44 70
44 162
45 48
45 85
45 94
45 125
45 166
45 208
45 255
45 374
45 465
46 55
46 58
46 66
46 82
46 89
46 100
46 103
46 112
46 116
46 121
46 152
46 158
46 213
46 216
46 244
46 286
46 292
46 293
46 328
46 329
46 338
46 352
46 358
46 361
46 362
46 366
46 377
46 391
46 392
46 403
46 421
46 485
47 56
47 60
47 69
47 76
47 95
47 104
47 140
47 179
47 186
47 256
47 267
47 278
47 302
47 334
47 365
47 366
47 379
47 479
47 490
48 50
48 54
48 72
48 103
48 119
48 178
48 194
48 380
49 396
50 89
50 161
50 195
50 223
50 234
50 253
51 61
51 194
51 490
52 82
52 113
52 154
52 156
52 160
52 282
52 287
52 402
52 410
52 475
53 93
53 100
53 109
53 173
53 233
53 308
53 325
53 380
54 407
55 99
55 144
55 317
55 320
55 339
55 487
56 69
56 77
56 121
56 122
56 181
56 190
56 259
56 301
56 312
56 342
56 407
57 382
57 406
57 407
58 91
58 115
58 117
58 122
58 142
58 155
58 200
58 226
58 242
58 267
58 277
58 483
58 497
59 62
59 64
59 144
59 192
59 235
59 262
59 274
59 275
59 405
60 63
60 67
60 103
60 156
60 210
60 236
60 299
60 395
61 326
62 77
62 172
62 227
62 268
63 88
63 177
63 212
63 296
64 68
64 114
64 206
64 223
64 273
64 305
65 87
65 212
65 240
65 446
65 470
66 79
67 141
67 273
67 483
68 69
68 90
68 169
68 176
68 199
68 212
68 265
68 357
69 123
69 221
70 99
70 124
70 178
70 354
70 431
71 101
71 208
72 165
72 166
72 368
72 371
72 494
73 79
73 118
74 330
74 352
76 89
76 180
76 228
77 86
77 146
77 190
77 227
77 301
77 430
78 90
78 141
78 163
78 193
78 256
78 361
78 416
78 433
78 446
78 489
79 188
79 201
80 108
80 138
80 139
80 157
80 225
80 289
80 314
80 434
80 454
81 161
81 280
82 180
82 248
82 285
82 493
83 177
83 210
83 222
83 266
83 296
83 391
83 487
84 123
84 133
84 149
84 215
84 259
84 317
85 117
85 283
85 398
86 378
88 149
88 240
88 299
89 95
89 130
89 167
89 197
89 199
89 208
89 220
89 295
89 444
90 107
90 194
90 226
90 388
90 436
90 489
91 127
91 350
92 123
92 134
92 153
92 165
92 195
92 230
92 260
92 288
92 376
93 126
93 193
93 201
93 282
93 334
93 345
93 359
93 387
93 395
93 440
93 456
94 110
94 120
94 148
94 168
94 276
94 286
94 328
94 465
94 490
95 111
95 121
95 124
95 141
95 203
95 207
95 224
95 237
95 252
95 327
95 344
95 353
95 433
95 458
96 128
96 155
96 409
96 425
96 450
96 488
97 115
97 336
97 475
98 131
98 174
98 180
98 340
98 484
99 105
99 202
99 219
99 248
99 297
99 385
99 499
100 102
100 111
100 161
100 209
100 238
100 347
100 425
101 145
101 191
101 211
101 247
101 344
104 130
104 150
104 198
104 279
104 299
104 364
104 424
104 498
105 186
105 228
105 231
105 307
105 404
106 131
106 147
106 354
107 129
107 172
107 216
107 246
107 343
107 383
107 384
108 242
108 261
108 307
108 330
109 151
109 233
110 405
110 426
111 492
112 376
113 130
113 134
113 322
113 386
114 223
115 175
115 279
115 323
115 330
116 181
116 213
116 422
117 372
118 150
118 192
118 459
119 184
121 267
121 362
121 382
121 431
122 281
122 327
122 486
123 225
123 290
123 485
124 129
124 140
124 167
124 306
124 412
125 184
125 226
128 171
128 196
128 203
128 297
128 358
128 437
130 139
130 145
130 147
130 160
130 245
130 316
130 467
131 284
131 325
132 137
132 164
132 246
132 254
132 268
132 321
132 355
132 374
134 168
134 170
134 185
134 211
134 217
134 459
135 213
136 381
137 148
137 285
137 304
137 319
138 237
140 233
140 468
141 221
141 248
142 154
142 164
142 175
142 259
143 337
144 159
144 232
144 337
145 325
146 160
146 182
146 217
146 291
146 411
147 453
147 460
149 252
149 465
150 158
150 205
150 249
152 192
153 293
154 338
154 481
156 388
157 174
157 283
157 356
157 402
157 427
158 159
158 264
158 302
158 431
159 202
159 326
159 414
159 443
159 482
160 182
160 324
160 443
162 170
162 189
162 291
162 375
162 438
162 441
162 491
165 271
166 285
166 288
166 318
166 371
166 372
167 356
168 204
168 219
169 406
171 256
172 183
172 284
172 360
172 400
173 305
174 307
174 472
175 323
176 255
176 333
176 452
177 241
177 273
178 179
178 187
179 274
180 254
181 187
181 230
181 238
181 438
183 415
184 252
186 224
186 239
186 251
186 347
186 381
186 409
187 239
187 266
187 288
187 320
187 332
187 415
187 423
189 235
190 292
190 338
190 466
191 205
192 243
192 449
192 470
193 264
195 216
195 250
195 262
195 448
196 235
196 474
197 295
197 350
197 474
198 429
198 463
198 470
199 412
201 251
201 278
202 473
203 263
204 239
204 261
204 296
204 316
204 331
204 339
205 331
206 268
206 282
206 394
206 426
207 336
207 353
207 410
207 463
208 263
209 289
209 329
210 234
210 392
211 228
211 229
211 255
211 265
211 439
211 453
211 461
211 481
213 232
214 231
214 301
214 324
214 341
214 387
216 370
216 405
216 440
217 258
218 232
218 302
218 389
218 478
219 257
219 265
219 300
219 404
219 423
219 469
219 493
220 305
220 479
221 234
221 328
222 316
222 363
222 400
223 275
223 309
223 322
223 357
223 375
223 489
224 312
225 264
226 367
226 389
227 457
227 494
228 229
228 342
228 428
229 241
229 478
231 391
231 403
231 463
233 275
233 346
233 429
233 494
236 318
236 454
238 304
239 274
239 406
240 377
241 319
242 335
243 303
243 373
244 367
244 384
245 434
246 435
246 445
250 304
250 308
250 336
250 369
251 298
251 378
252 315
253 341
253 395
253 461
255 473
256 314
256 321
257 408
257 441
259 450
263 311
263 448
264 476
266 271
266 346
266 417
270 497
272 390
272 435
272 464
273 348
273 379
273 480
275 373
276 290
276 402
276 478
277 306
277 310
277 398
277 458
278 492
279 344
279 396
280 283
280 292
281 404
281 422
281 499
282 457
283 367
283 373
289 300
289 390
291 345
297 496
298 319
298 491
299 350
299 351
299 360
299 418
301 420
301 434
305 351
305 377
308 394
308 495
310 400
310 455
310 479
312 374
314 346
314 447
318 449
318 498
322 441
323 432
324 401
324 444
324 452
325 450
326 340
329 343
329 436
333 348
339 397
339 439
341 357
341 363
341 444
341 481
341 496
341 497
345 399
346 401
346 433
347 415
347 455
349 448
353 393
354 412
354 436
356 414
358 439
359 425
361 464
362 382
363 372
368 442
368 468
371 462
378 410
378 414
378 485
378 499
384 416
384 460
384 476
387 435
389 398
390 437
391 423
395 472
397 496
399 471
399 488
403 426
412 420
418 474
420 451
428 445
429 480
435 466
438 440
442 449
442 472
445 486
449 451
449 462
465 484
477 493
