0 1
0 2
0 3
0 4
0 5
0 7
0 8
0 9
0 12
0 17
0 22
0 23
0 26
0 34
0 49
0 54
0 58
0 62
0 76
0 117
0 124
0 145
0 150
0 162
0 221
0 241
0 275
0 307
0 308
0 338
0 394
0 553
0 597
0 601
0 609
0 705
0 708
0 722
0 757
0 767
0 802
0 849
0 876
0 928
0 930
1 4
1 5
1 6
1 7
1 8
1 10
1 12
1 31
1 32
1 40
1 42
1 47
1 53
1 55
1 79
1 109
1 115
1 119
1 121
1 140
1 151
1 175
1 189
1 198
1 227
1 243
1 257
1 261
1 270
1 282
1 295
1 326
1 373
1 404
1 426
1 433
1 443
1 450
1 488
1 490
1 508
1 550
1 565
1 586
1 606
1 681
1 830
1 845
1 884
1 907
1 948
1 985
2 5
2 7
2 8
2 14
2 16
2 19
2 24
2 25
2 33
2 37
2 54
2 150
2 164
2 170
2 186
2 191
2 194
2 199
2 347
2 350
2 390
2 401
2 408
2 417
2 558
2 567
2 584
2 648
2 717
2 746
2 815
2 847
2 863
2 971
2 974
2 992
3 4
3 6
3 9
3 11
3 13
3 21
3 22
3 23
3 25
3 33
3 34
3 40
3 41
3 43
3 52
3 61
3 73
3 81
3 82
3 117
3 131
3 134
3 152
3 155
3 165
3 174
3 237
3 238
3 243
3 271
3 304
3 312
3 319
3 320
3 358
3 360
3 370
3 373
3 380
3 385
3 394
3 405
3 430
3 435
3 506
3 547
3 585
3 621
3 635
3 653
3 663
3 706
3 781
3 801
3 826
3 840
3 859
3 867
3 892
3 922
3 929
3 993
3 999
4 6
4 9
4 10
4 18
4 20
4 27
4 42
4 56
4 110
4 114
4 115
4 124
4 143
4 178
4 184
4 191
4 197
4 199
4 203
4 231
4 233
4 247
4 269
4 291
4 303
4 306
4 331
4 377
4 403
4 482
4 512
4 516
4 519
4 537
4 538
4 674
4 717
4 725
4 736
4 812
4 822
4 853
4 956
4 983
4 997
5 44
5 64
5 151
5 202
5 309
5 325
5 326
5 363
5 479
5 589
5 649
5 670
5 712
6 16
6 20
6 38
6 39
6 48
6 51
6 60
6 62
6 79
6 93
6 94
6 126
6 141
6 169
6 232
6 284
6 315
6 364
6 438
6 500
6 809
6 833
6 976
7 12
7 13
7 15
7 17
7 19
7 27
7 28
7 41
7 44
7 50
7 53
7 58
7 60
7 71
7 88
7 100
7 111
7 149
7 153
7 156
7 176
7 212
7 226
7 288
7 290
7 300
7 336
7 341
7 355
7 393
7 396
7 397
7 425
7 461
7 520
7 582
7 586
7 607
7 664
7 670
7 730
7 793
7 824
7 846
7 873
7 905
7 915
7 958
7 977
7 978
8 35
8 38
8 41
8 86
8 94
8 129
8 134
8 155
8 224
8 258
8 259
8 286
8 288
8 379
8 390
8 427
8 491
8 583
8 693
8 730
8 814
8 839
8 844
8 861
8 881
8 969
9 10
9 11
9 13
9 14
9 50
9 57
9 73
9 81
9 92
9 102
9 161
9 167
9 170
9 178
9 235
9 282
9 298
9 300
9 318
9 363
9 452
9 456
9 467
9 470
9 518
9 542
9 597
9 613
9 675
9 698
9 779
9 783
9 786
9 817
9 856
9 870
9 874
9 929
9 946
10 11
10 18
10 33
10 38
10 49
10 61
10 63
10 65
10 67
10 88
10 95
10 106
10 116
10 117
10 134
10 154
10 157
10 160
10 188
10 198
10 223
10 224
10 228
10 248
10 269
10 300
10 305
10 310
10 352
10 406
10 414
10 421
10 442
10 470
10 493
10 510
10 515
10 525
10 550
10 553
10 567
10 589
10 659
10 699
10 707
10 728
10 741
10 742
10 777
10 785
10 794
10 859
10 935
11 19
11 27
11 39
11 48
11 63
11 66
11 118
11 463
11 509
11 524
11 560
11 587
11 776
11 843
12 14
12 15
12 18
12 22
12 23
12 25
12 26
12 30
12 32
12 36
12 39
12 42
12 51
12 53
12 72
12 75
12 78
12 83
12 93
12 163
12 169
12 171
12 181
12 187
12 207
12 234
12 237
12 257
12 267
12 345
12 381
12 411
12 426
12 440
12 453
12 489
12 546
12 552
12 684
12 693
12 734
12 800
12 844
12 851
12 857
12 861
12 885
12 922
12 950
12 974
13 15
13 16
13 17
13 30
13 54
13 77
13 90
13 299
13 416
13 469
13 532
13 610
13 711
13 979
14 21
14 26
14 28
14 48
14 64
14 67
14 74
14 78
14 97
14 101
14 130
14 161
14 185
14 257
14 293
14 314
14 353
14 426
14 449
14 471
14 557
14 637
14 726
14 905
15 46
15 147
15 177
15 264
15 691
15 737
15 987
16 21
16 28
16 29
16 34
16 82
16 105
16 160
16 222
16 276
16 277
16 285
16 304
16 328
16 387
16 510
16 578
16 618
16 716
16 742
16 744
16 758
16 836
16 879
16 891
16 904
16 933
16 938
16 943
16 982
17 24
17 29
17 61
17 71
17 91
17 105
17 125
17 157
17 214
17 251
17 301
17 365
17 380
17 410
17 462
17 475
17 537
17 556
17 563
17 564
17 658
17 663
17 854
17 865
17 972
18 20
18 24
18 36
18 37
18 43
18 47
18 52
18 67
18 69
18 108
18 114
18 139
18 217
18 222
18 288
18 348
18 349
18 428
18 445
18 457
18 467
18 478
18 526
18 554
18 617
18 654
18 661
18 669
18 747
18 756
18 808
18 822
18 836
18 838
18 955
18 988
19 31
19 32
19 44
19 45
19 75
19 95
19 99
19 144
19 146
19 182
19 196
19 206
19 207
19 210
19 232
19 245
19 302
19 389
19 458
19 511
19 588
19 618
19 655
19 656
19 787
19 791
19 799
19 881
19 884
19 900
20 29
20 30
20 56
20 110
20 173
20 203
20 291
20 295
20 302
20 303
20 448
20 642
20 756
20 769
20 838
21 46
21 65
21 78
21 80
21 103
21 104
21 108
21 120
21 162
21 205
21 213
21 250
21 272
21 352
21 411
21 435
21 473
21 499
21 623
21 685
21 708
21 776
21 837
21 872
21 993
22 47
22 77
22 104
22 109
22 175
22 192
22 274
22 424
22 471
22 603
22 689
22 700
23 37
23 45
23 46
23 55
23 97
23 112
23 186
23 232
23 242
23 285
23 290
23 310
23 313
23 338
23 356
23 366
23 857
23 983
24 116
24 180
25 35
25 132
25 164
25 226
25 507
25 545
25 683
25 727
26 31
26 142
26 151
26 158
26 334
26 362
26 429
26 484
26 864
27 36
27 50
27 80
27 107
27 166
27 202
27 247
27 294
27 363
27 428
27 488
27 566
27 725
27 750
27 771
27 787
27 969
27 972
28 35
28 40
28 45
28 80
28 88
28 99
28 104
28 128
28 129
28 135
28 137
28 154
28 163
28 168
28 174
28 255
28 262
28 274
28 337
28 415
28 472
28 476
28 600
28 605
28 646
28 821
28 911
28 949
28 964
29 71
29 72
29 265
29 340
29 368
29 387
29 408
29 534
29 832
29 850
29 893
30 56
30 98
30 119
30 127
30 137
30 168
30 190
30 218
30 238
30 255
30 269
30 346
30 360
30 372
30 429
30 517
30 532
30 595
30 620
30 745
30 775
30 829
30 968
31 49
31 52
31 57
31 90
31 92
31 95
31 122
31 126
31 138
31 160
31 193
31 218
31 314
31 318
31 322
31 344
31 381
31 397
31 412
31 448
31 509
31 555
31 562
31 607
31 636
31 648
31 765
31 919
31 926
32 98
32 561
32 787
33 87
33 217
34 59
34 68
34 72
34 76
34 89
34 91
34 129
34 139
34 148
34 156
34 161
34 166
34 188
34 215
34 279
34 289
34 308
34 309
34 416
34 421
34 476
34 481
34 483
34 549
34 593
34 604
34 624
34 758
34 845
34 879
35 74
35 84
35 109
35 233
35 253
35 273
35 316
35 384
35 444
35 465
35 485
35 585
35 710
35 721
35 891
35 917
35 961
36 241
36 320
36 373
36 524
36 615
36 996
37 59
37 92
37 189
37 290
37 436
37 535
37 596
37 664
37 871
37 952
38 249
39 84
39 107
39 138
39 172
39 229
39 344
39 391
39 455
39 466
39 739
39 856
40 293
40 311
40 419
40 714
40 792
40 996
41 63
41 66
41 112
41 130
41 158
41 218
41 276
41 382
41 464
41 507
41 552
41 557
41 687
41 694
41 711
41 803
41 816
41 863
42 43
42 58
42 60
42 64
42 70
42 96
42 195
42 246
42 248
42 299
42 319
42 321
42 332
42 376
42 496
42 572
42 604
42 707
42 713
42 820
42 827
42 862
43 98
43 126
43 145
43 146
43 237
43 343
43 401
43 424
43 445
43 509
43 634
43 646
43 842
44 69
44 79
44 85
44 106
44 118
44 162
44 310
44 353
44 436
44 633
45 57
45 178
45 231
45 343
45 370
45 418
45 619
46 59
46 73
46 85
46 144
46 187
46 230
46 458
46 658
46 796
46 851
47 70
47 163
47 194
47 309
47 313
47 316
47 467
47 650
47 971
48 51
48 68
48 130
48 157
48 182
48 186
48 204
48 207
48 225
48 260
48 305
48 349
48 398
48 399
48 400
48 417
48 429
48 437
48 506
48 624
48 675
48 690
48 790
48 896
48 900
49 83
49 86
49 457
49 539
50 122
50 365
50 486
50 912
50 999
51 357
51 453
51 549
51 936
52 55
52 62
52 81
52 84
52 105
52 121
52 122
52 133
52 136
52 249
52 256
52 316
52 340
52 358
52 697
52 778
52 961
53 68
53 99
53 266
53 277
53 314
53 377
53 443
53 647
53 889
54 65
54 70
54 97
54 135
54 181
54 191
54 208
54 214
54 278
54 312
54 340
54 348
54 409
54 479
54 637
54 729
54 818
54 855
54 875
54 932
55 89
55 128
55 287
55 303
55 335
55 374
55 454
55 603
55 653
55 674
55 732
55 826
55 911
55 919
56 90
56 94
56 179
56 281
56 462
56 522
56 525
56 809
56 872
57 69
57 112
57 118
57 131
57 311
57 343
57 361
57 425
57 461
57 498
57 527
57 703
57 724
57 736
57 747
57 766
57 841
57 905
57 990
58 83
58 102
58 113
58 136
58 204
58 211
58 263
58 330
58 389
58 455
58 470
58 510
58 584
58 736
58 745
58 932
58 978
59 133
59 231
59 243
59 252
59 566
59 605
60 75
60 180
60 279
60 369
60 414
60 434
60 581
60 621
60 802
61 66
61 103
61 111
61 215
61 297
61 396
61 449
61 517
61 527
61 640
61 658
61 682
61 699
61 781
61 968
62 138
62 147
62 169
62 170
62 228
62 239
62 253
62 270
62 296
62 299
62 305
62 325
62 327
62 453
62 633
62 709
62 822
62 870
62 902
62 937
62 989
62 995
63 177
63 225
63 478
63 503
63 957
64 181
64 354
64 384
64 753
64 770
66 219
66 666
67 76
67 87
67 632
67 809
67 845
68 166
68 210
68 228
68 246
68 273
68 369
68 388
68 471
68 536
68 629
68 752
68 943
69 121
69 127
69 256
69 289
69 328
69 530
69 579
69 614
69 733
70 85
70 113
70 115
70 116
70 131
70 149
70 185
70 193
70 234
70 304
70 324
70 385
70 441
70 541
70 566
70 611
70 625
70 733
70 791
70 807
70 818
70 924
70 954
70 986
71 172
71 407
71 559
71 562
71 800
71 827
71 846
71 892
71 974
72 96
72 171
72 250
72 267
72 334
72 350
72 353
72 513
72 961
73 74
73 89
73 123
73 221
73 271
73 272
73 337
73 351
73 379
73 393
73 473
73 635
73 639
73 652
73 740
73 846
73 909
73 918
73 929
73 977
73 979
74 82
74 106
74 143
74 211
74 520
74 541
74 803
75 182
75 213
75 378
75 472
75 519
75 804
75 829
75 837
75 849
75 953
75 964
76 77
76 87
76 102
76 146
76 200
76 484
76 492
76 574
76 582
76 726
76 766
76 768
76 779
76 810
76 835
76 912
76 931
77 86
77 152
77 577
77 759
78 124
78 149
78 220
78 569
78 644
78 798
78 916
79 93
79 111
79 203
79 204
79 240
79 278
79 765
79 934
80 101
80 200
80 254
80 292
80 486
80 584
80 631
80 886
80 980
81 142
81 214
81 336
81 388
81 422
81 797
81 980
82 141
82 324
82 541
82 585
82 589
82 711
82 861
83 173
83 223
83 367
83 512
83 552
83 587
83 656
83 761
84 225
84 230
84 511
84 592
84 665
84 908
84 976
84 982
85 253
85 371
85 632
85 883
86 103
86 159
86 248
86 321
86 391
86 542
86 712
86 790
87 91
87 100
87 110
87 125
87 143
87 167
87 212
87 255
87 280
87 342
87 362
87 402
87 457
87 481
87 485
87 579
87 628
87 690
87 719
87 853
87 920
87 953
88 150
88 329
88 530
88 540
88 555
88 655
90 141
90 221
90 264
90 283
90 412
90 543
90 784
90 897
91 934
92 123
92 242
92 573
92 616
92 677
93 96
93 535
93 621
93 765
93 896
94 127
94 148
94 165
94 357
94 392
94 562
94 665
94 860
95 125
95 185
95 238
95 283
95 322
95 323
95 371
95 386
95 435
95 460
95 505
95 548
95 627
95 669
95 678
95 718
95 724
95 737
95 853
96 101
96 210
96 380
96 395
96 413
96 630
96 767
96 842
97 108
97 113
97 148
97 153
97 180
97 220
97 284
97 287
97 295
97 330
97 386
97 576
97 594
97 705
98 100
98 132
98 216
98 260
98 261
98 374
98 434
98 443
98 447
98 528
98 529
98 607
98 722
98 802
99 501
99 523
100 608
101 120
101 366
101 502
101 739
102 211
102 407
102 628
102 971
103 119
103 140
103 201
103 280
103 298
103 333
103 347
103 364
103 489
103 507
103 533
103 580
103 969
103 987
104 107
104 179
104 212
104 356
104 454
104 456
104 681
104 687
104 916
104 930
105 239
105 281
105 317
105 328
105 338
105 389
105 491
107 114
107 123
107 128
107 137
107 194
107 227
107 244
107 268
107 372
107 433
107 455
107 474
107 482
107 528
107 576
107 595
107 623
107 660
107 683
107 691
107 713
107 947
108 120
108 263
108 375
108 751
109 190
109 244
110 144
110 528
110 877
111 145
111 158
111 233
111 268
111 547
111 568
111 606
111 869
111 910
112 216
112 703
112 804
113 281
113 285
113 406
113 431
113 488
113 521
113 559
113 614
114 190
114 742
114 776
114 916
115 135
116 133
116 176
116 355
116 454
116 962
117 246
117 473
117 837
118 139
118 195
118 196
118 205
118 370
118 409
118 564
118 605
118 685
118 875
118 878
118 915
119 140
119 226
119 418
119 664
119 917
120 132
120 153
120 189
120 219
120 262
120 329
120 413
120 416
120 521
120 529
120 701
120 887
121 224
122 198
122 397
122 414
122 565
122 580
122 870
122 995
123 386
123 401
123 430
123 468
123 487
123 492
123 513
123 595
123 672
123 807
123 814
123 986
124 206
124 469
124 803
124 873
125 317
125 423
125 483
126 213
126 496
126 757
126 938
127 136
127 159
127 183
127 184
127 209
127 240
127 258
127 259
127 266
127 277
127 289
127 312
127 336
127 415
127 452
127 567
127 602
127 648
127 835
127 858
127 913
127 988
128 159
128 422
128 427
128 698
129 176
129 242
129 788
129 926
130 168
130 223
130 229
130 460
130 913
131 154
131 294
131 383
131 432
131 487
131 568
131 646
131 852
131 888
132 201
132 672
132 823
133 247
133 268
133 364
134 272
135 142
135 391
135 495
135 667
135 672
135 948
136 171
136 339
136 366
136 466
136 490
136 694
136 749
136 886
136 908
137 230
137 330
137 331
137 516
137 557
137 615
137 731
137 830
137 937
137 963
138 152
138 175
138 197
138 208
138 282
138 357
138 383
138 551
138 928
139 437
139 543
139 856
140 196
140 354
140 882
141 156
141 199
141 201
141 504
141 618
141 806
141 860
141 882
142 147
142 448
143 368
143 642
144 195
144 420
144 437
144 591
144 686
145 164
145 236
145 307
145 315
145 352
145 876
145 914
145 945
145 990
146 208
146 229
146 375
146 383
146 572
146 805
146 970
147 155
147 202
147 262
147 394
147 450
147 513
147 752
147 780
148 376
148 650
148 685
148 934
149 636
149 692
150 192
150 631
150 706
151 174
151 188
151 376
151 395
151 432
151 630
151 697
151 718
151 732
151 918
152 252
152 266
152 369
152 859
153 165
153 177
153 200
153 265
153 322
153 601
153 946
154 252
154 811
155 936
156 183
156 205
156 251
156 583
156 587
156 624
156 728
156 763
156 778
156 823
156 918
156 972
156 984
157 240
157 276
157 538
157 662
157 756
157 785
157 829
157 831
157 876
157 897
158 598
159 209
159 251
159 643
160 167
160 172
160 184
160 206
160 245
160 273
160 378
160 413
160 533
160 546
160 592
160 679
160 691
160 751
160 758
160 789
160 819
160 989
162 173
162 219
162 625
162 820
162 866
163 209
163 222
163 280
163 291
163 415
163 419
163 522
163 526
163 593
163 754
164 234
164 275
164 298
164 459
164 465
164 653
164 766
164 786
164 827
164 864
164 895
164 896
165 296
165 332
165 514
165 537
165 579
165 669
165 702
165 862
165 973
166 236
166 270
166 349
166 591
166 738
167 254
167 345
167 465
168 628
169 661
170 293
170 460
170 575
170 700
170 770
171 324
171 337
171 399
171 738
171 954
172 179
172 192
172 235
172 296
172 311
172 438
172 461
172 548
172 612
172 639
172 645
172 910
172 927
173 410
173 497
173 951
173 958
174 215
174 367
175 655
176 476
176 813
176 877
176 992
177 183
177 274
177 384
177 524
177 716
177 828
178 367
178 554
179 286
180 187
180 325
180 333
181 398
182 235
182 250
182 260
182 553
182 612
182 627
182 704
182 709
182 868
183 193
183 430
183 812
184 887
187 307
187 361
187 469
187 994
188 403
188 410
188 419
188 545
188 588
188 625
188 761
188 805
189 723
189 795
190 320
191 197
191 217
191 620
191 708
192 331
192 440
192 505
193 287
193 551
193 976
194 244
194 687
194 731
195 216
195 354
195 459
195 692
195 719
196 495
196 988
197 306
197 346
197 487
198 261
198 480
198 755
198 882
198 899
199 372
201 581
201 906
202 321
203 265
203 568
203 612
203 697
203 746
204 543
204 639
204 780
204 939
205 574
206 258
206 264
206 335
206 402
206 411
206 640
206 696
206 783
206 839
206 990
207 275
207 374
207 609
208 696
208 705
209 241
209 313
209 478
209 673
210 392
210 407
210 794
211 523
213 436
213 502
213 647
213 662
213 906
214 350
214 500
214 676
215 227
215 245
215 351
215 464
215 667
215 670
215 792
216 271
216 297
216 463
216 479
217 220
217 292
217 514
219 267
219 446
219 500
219 596
219 745
220 239
220 256
220 323
220 439
220 456
221 284
221 381
221 382
221 387
221 431
221 613
222 346
222 501
222 551
222 757
223 823
223 898
224 236
224 371
224 560
224 700
224 927
224 998
225 327
225 334
225 341
225 616
225 662
225 903
226 797
227 368
227 689
227 749
227 815
228 347
228 408
228 565
228 641
228 749
228 817
229 283
229 308
229 356
229 575
229 586
229 695
230 301
230 355
230 729
230 746
230 816
230 959
230 997
232 365
232 494
232 498
232 530
232 558
233 432
234 306
234 608
234 673
234 890
235 317
235 548
236 684
236 704
236 832
237 351
237 651
237 666
238 400
238 928
239 808
240 348
240 418
240 444
240 518
240 963
241 249
241 333
241 946
242 451
245 531
246 254
246 740
246 780
246 922
247 259
247 404
247 495
247 774
248 302
248 319
248 459
248 493
248 529
248 680
248 707
248 825
248 850
248 873
248 960
249 556
249 799
249 944
250 400
250 423
250 797
251 323
251 597
251 781
252 263
252 523
252 603
252 689
252 832
252 940
252 996
253 301
253 667
253 779
253 820
253 840
253 857
253 959
254 425
254 693
254 734
254 900
255 278
255 279
255 422
255 441
255 446
255 683
255 721
256 600
256 866
257 315
258 318
258 412
258 417
258 424
258 527
258 563
258 609
258 784
258 795
258 890
259 409
259 482
259 494
259 651
259 885
261 286
261 755
261 782
262 877
263 502
263 775
265 382
265 694
265 783
266 406
266 477
266 506
266 760
266 889
268 329
268 344
268 377
268 950
269 474
269 591
269 638
269 796
270 668
270 714
271 297
271 909
272 360
272 420
272 602
272 629
273 294
273 574
273 684
274 359
274 690
274 775
275 762
276 326
277 626
277 721
277 995
278 576
278 917
279 542
279 631
280 327
280 335
280 398
280 582
280 733
280 795
280 895
281 671
281 930
282 602
283 292
283 468
283 793
283 931
284 599
284 668
284 817
284 840
284 858
285 434
285 449
285 835
287 388
287 610
287 686
287 828
288 345
288 558
288 678
289 451
290 395
290 768
291 444
291 949
292 730
293 358
294 339
294 361
295 402
295 475
296 405
296 462
296 489
296 490
296 522
296 654
296 723
296 994
297 474
298 515
298 907
299 635
300 359
300 681
300 715
300 735
300 959
300 970
301 458
301 536
301 939
302 957
303 661
304 396
304 546
304 777
304 924
305 403
305 477
305 975
306 450
307 741
308 339
308 841
308 980
309 393
310 445
310 533
310 622
310 677
310 743
310 893
310 944
311 486
311 806
311 883
312 569
312 729
312 798
313 342
313 577
313 791
313 858
314 710
314 909
315 720
316 359
316 699
316 773
317 975
318 341
319 494
319 810
320 392
320 440
320 447
320 517
320 770
321 431
321 952
322 516
322 764
323 492
323 638
323 651
323 967
324 332
324 439
324 481
324 645
324 894
324 941
325 362
325 499
325 696
326 442
326 498
326 571
326 649
326 855
327 515
328 511
328 544
328 748
328 847
328 935
330 588
330 599
331 590
331 860
331 955
332 496
332 834
333 544
333 616
333 679
333 864
334 375
334 438
334 763
334 798
334 932
335 503
335 784
336 970
338 633
338 644
338 703
338 942
340 342
340 421
340 539
340 614
340 623
340 892
340 913
341 466
341 753
342 594
342 709
344 656
344 800
346 378
346 404
346 771
348 619
348 644
348 682
349 663
349 748
349 785
351 555
352 491
353 834
354 442
354 526
354 534
354 540
355 811
355 872
356 956
356 960
356 965
357 570
357 678
357 726
358 427
358 627
359 643
360 497
361 423
361 751
362 535
363 390
363 839
365 622
365 901
366 564
368 385
368 472
368 619
368 701
369 451
369 713
369 744
369 815
370 549
370 881
371 521
371 570
371 578
371 659
371 789
371 915
372 405
372 665
374 379
374 554
374 880
375 399
375 715
376 420
376 480
376 560
376 578
377 611
377 743
377 842
378 927
379 657
380 813
381 463
381 806
381 871
382 428
385 910
386 640
386 647
386 674
388 841
388 949
389 641
389 854
390 601
390 722
390 878
390 914
391 520
391 967
392 999
393 764
393 889
395 702
395 911
395 923
396 475
396 518
397 505
397 525
397 852
398 710
398 767
398 883
398 983
400 741
400 865
400 935
402 875
403 512
403 532
405 657
405 901
406 727
407 581
407 590
407 598
407 620
407 727
407 923
407 965
408 452
408 531
409 504
409 907
410 572
410 698
411 731
413 433
414 439
415 692
416 801
417 960
419 447
419 577
419 660
419 735
419 748
419 805
420 593
420 629
420 660
420 879
420 924
422 534
422 888
424 493
424 540
424 570
424 786
425 484
426 519
426 641
427 774
428 499
428 650
428 686
428 738
429 480
429 680
429 688
430 901
431 503
432 981
433 497
434 659
435 514
435 561
440 441
441 531
441 744
441 763
441 895
441 919
444 446
445 788
446 652
446 816
446 880
450 752
451 468
451 575
451 807
452 671
453 571
456 544
456 831
457 902
458 464
460 483
460 965
461 668
461 701
462 632
462 878
463 477
464 813
465 583
465 885
466 753
466 774
466 880
467 501
467 682
469 539
470 728
470 810
470 921
473 550
475 580
475 630
475 868
475 940
478 893
480 671
480 675
481 849
483 764
483 890
484 485
484 504
484 538
484 545
484 654
484 867
484 903
485 508
485 942
487 536
491 750
491 863
493 695
493 941
494 573
494 617
494 804
495 967
496 737
498 573
498 608
498 991
499 825
501 547
501 939
502 993
504 598
504 636
505 843
506 508
506 634
507 561
507 773
507 936
508 902
511 676
511 964
513 626
515 594
515 769
516 592
520 717
523 643
523 836
525 571
525 590
525 732
525 747
525 819
525 985
526 866
527 559
529 563
529 599
529 666
531 719
533 824
533 998
536 923
537 945
538 569
538 799
538 821
538 868
540 724
540 951
544 556
544 973
548 615
548 649
548 808
549 855
549 973
550 611
550 725
551 824
554 754
555 948
556 642
557 596
558 838
559 606
561 981
562 755
564 811
565 610
565 735
565 831
565 886
565 925
567 676
568 604
568 677
568 796
571 622
571 925
573 673
575 600
575 626
575 825
576 634
578 947
580 645
580 869
583 652
583 852
584 638
585 613
585 782
586 884
591 740
593 760
593 812
595 617
595 734
598 679
598 955
599 657
599 706
601 761
602 945
603 938
607 987
609 921
612 772
614 903
615 714
616 718
616 794
617 782
617 926
621 904
622 962
624 637
626 750
628 874
631 762
636 773
636 833
636 947
637 688
638 818
638 951
641 695
641 715
641 984
643 991
644 702
644 850
645 957
646 888
647 772
647 906
649 754
649 848
651 712
653 688
654 920
655 833
656 821
656 908
657 790
659 720
660 814
661 720
662 788
664 759
664 819
664 953
666 992
667 851
669 769
670 759
670 792
672 680
677 723
679 941
679 994
681 847
683 739
690 760
692 933
700 828
701 704
701 716
701 942
707 931
708 933
711 743
711 940
712 772
712 869
712 937
714 793
722 975
724 950
726 904
727 867
729 899
730 920
730 944
731 958
732 871
736 762
738 778
739 989
740 834
740 921
742 777
742 830
742 966
743 912
745 897
757 789
758 826
760 801
760 848
763 894
764 848
766 768
768 771
768 997
774 966
779 887
784 843
784 862
789 891
803 978
809 854
811 962
811 979
816 874
819 844
820 894
824 943
830 925
841 982
843 865
854 899
856 898
861 991
874 954
874 956
880 981
883 963
888 898
888 914
888 998
890 966
890 985
932 968
933 952
949 984
953 977
960 986
