0 1
0 2
0 3
0 4
0 5
0 7
0 9
0 10
0 13
0 17
0 20
0 22
0 24
0 26
0 27
0 28
0 30
0 37
1 4
1 5
1 6
1 8
1 9
1 11
1 12
1 16
1 22
1 34
1 37
1 39
2 4
2 5
2 6
2 7
2 9
2 10
2 11
2 15
2 16
2 17
2 23
2 26
2 29
2 33
2 34
2 40
3 7
3 20
3 21
3 24
3 31
3 32
3 39
3 41
3 46
4 6
4 8
4 10
4 11
4 13
4 14
4 15
4 16
4 18
4 21
4 23
4 28
4 34
4 35
4 44
4 47
4 49
5 12
5 14
5 48
6 8
6 18
6 19
6 22
6 25
6 29
7 13
7 19
7 25
7 35
7 42
7 44
8 24
8 25
8 27
8 28
8 32
8 45
8 46
9 31
10 38
11 12
11 14
11 17
11 18
11 20
11 23
11 36
11 43
11 46
11 47
11 48
12 21
12 30
12 33
13 26
13 32
13 33
13 49
14 15
14 19
14 36
14 38
14 41
14 48
15 43
16 40
17 40
18 49
20 29
20 43
21 27
26 42
28 30
28 38
29 31
29 47
31 35
31 39
31 45
35 36
36 37
40 41
40 42
40 44
43 45
