0 1
0 2
0 3
0 4
0 6
0 7
0 8
0 9
0 12
0 14
0 20
0 24
0 26
0 31
0 33
0 35
0 40
0 43
0 46
0 52
0 64
0 68
0 81
0 85
0 86
0 89
0 90
1 5
1 9
1 13
1 14
1 21
1 23
1 24
1 25
1 49
1 56
1 75
1 79
1 80
1 86
2 4
2 7
2 10
2 12
2 20
2 50
2 75
2 84
2 99
3 4
3 5
3 39
3 49
3 62
3 69
3 97
4 5
4 6
4 7
4 11
4 12
4 15
4 17
4 19
4 20
4 22
4 27
4 31
4 40
4 44
4 46
4 47
4 56
4 57
4 61
4 66
4 67
4 74
4 80
4 81
4 92
4 93
4 94
4 98
5 6
5 8
5 9
5 10
5 13
5 17
5 18
5 31
5 38
5 42
5 43
5 48
5 50
5 54
5 57
5 61
5 67
5 74
5 86
5 94
6 8
6 11
6 13
6 19
6 27
6 28
6 33
6 39
6 41
6 44
6 52
6 66
6 70
6 87
6 89
6 91
6 96
7 73
8 10
8 11
8 16
8 18
8 24
8 27
8 30
8 39
8 46
8 63
8 64
8 69
8 71
8 85
8 89
8 92
8 95
9 15
9 16
9 21
9 37
9 53
9 61
9 65
9 72
9 82
10 25
10 28
10 30
10 79
11 16
11 18
11 23
11 41
11 50
11 60
11 71
12 14
12 15
12 17
12 22
12 26
12 34
12 82
13 33
13 42
13 47
13 48
13 65
13 73
14 26
14 32
14 35
14 38
14 45
14 54
14 62
15 19
15 40
15 80
16 30
16 49
16 54
16 99
17 36
17 47
17 98
18 32
18 36
19 21
19 41
19 58
19 83
20 22
20 23
20 25
20 28
20 29
20 34
20 59
20 66
20 68
20 78
20 90
21 36
21 92
21 93
22 43
22 56
22 76
22 84
22 91
23 32
23 38
23 53
23 58
23 63
23 70
24 72
25 45
25 53
25 57
25 58
25 69
25 84
26 29
26 70
26 76
26 78
27 37
27 55
28 29
28 34
28 67
29 37
29 51
29 64
30 35
30 52
33 42
33 48
33 60
33 75
34 59
34 88
36 51
36 90
37 77
38 45
38 95
39 83
40 55
43 44
43 59
43 63
43 81
44 98
47 79
48 51
48 88
50 65
50 71
50 95
51 73
51 76
51 77
52 55
52 97
55 88
56 93
56 96
58 60
58 83
58 87
59 72
60 62
61 74
61 96
64 97
65 68
67 91
70 99
71 77
71 85
71 87
77 78
79 82
88 94
