0 13
0 27
0 116
0 121
0 149
0 204
0 285
0 466
0 530
0 538
0 604
0 641
0 705
0 715
1 54
1 61
1 343
1 541
1 575
1 616
1 671
1 721
2 69
2 147
2 418
2 422
2 675
3 201
3 486
3 639
4 127
4 167
4 222
4 241
4 253
4 289
4 459
4 547
4 649
5 30
5 245
5 281
5 455
5 731
6 99
6 104
6 151
6 156
6 200
6 311
6 512
6 533
6 544
6 722
7 129
7 377
7 634
8 126
8 160
8 315
8 353
8 746
9 33
9 405
9 481
9 502
9 525
9 623
10 56
10 223
10 269
10 388
10 445
10 451
10 452
10 513
10 600
10 685
11 296
11 393
11 473
11 475
11 504
12 77
12 114
12 170
12 194
12 365
12 371
12 471
12 723
13 204
13 211
13 342
13 403
13 418
13 533
13 652
14 96
14 209
14 318
14 621
14 698
15 75
15 177
15 240
15 389
15 413
15 462
15 490
15 579
16 127
16 237
16 267
16 410
16 476
16 542
16 570
16 662
16 685
17 175
17 229
17 379
17 384
17 526
17 562
18 76
18 154
18 155
18 362
18 401
18 469
18 508
18 533
18 535
19 89
19 232
19 419
19 497
19 632
19 643
19 653
20 22
20 149
20 214
20 340
20 467
21 23
21 122
21 180
21 208
21 346
21 486
21 723
22 457
22 505
22 513
22 563
22 629
22 646
22 741
23 61
23 97
23 285
23 292
23 316
23 646
23 649
24 84
24 91
24 124
24 172
25 168
25 303
25 342
25 660
26 77
26 139
26 326
26 645
27 218
27 283
27 324
27 384
27 503
28 29
28 265
28 618
28 628
28 734
29 38
29 65
29 98
29 100
29 117
29 140
29 296
29 344
29 369
29 468
29 480
29 706
30 234
30 307
30 339
30 485
30 627
31 87
31 305
31 349
31 383
31 590
32 45
32 153
32 394
32 527
32 620
32 725
32 743
33 91
33 189
33 201
33 253
33 316
33 691
33 719
34 100
34 128
34 353
34 589
35 267
35 378
35 400
35 562
35 611
36 62
36 215
36 311
36 331
36 539
36 616
36 704
37 142
37 150
37 165
37 283
37 355
37 462
37 484
37 587
37 721
38 82
38 124
38 139
38 468
38 684
39 105
39 188
39 416
39 471
39 493
40 222
40 285
40 370
40 487
40 661
40 696
40 700
41 166
41 213
41 287
41 483
41 590
42 68
42 272
42 426
42 514
42 613
43 152
43 423
43 438
43 518
44 73
44 175
44 207
44 360
44 588
45 128
45 158
45 507
46 60
46 185
46 190
46 239
46 354
46 368
46 471
46 624
47 105
47 174
47 483
47 592
47 712
48 184
48 226
48 279
48 370
48 532
48 537
48 547
48 625
48 686
48 735
49 141
49 223
49 269
49 530
49 535
49 608
49 726
50 489
50 533
50 701
51 100
51 231
51 363
51 639
51 659
51 720
52 412
53 637
54 60
54 176
54 192
54 267
54 275
54 541
54 558
55 97
55 510
55 691
56 219
56 265
56 271
56 558
56 559
57 264
57 313
57 566
57 588
58 160
58 316
58 346
59 65
59 81
59 84
59 361
59 377
59 409
59 564
59 615
59 625
60 86
60 110
60 189
60 370
60 476
60 493
60 514
60 693
61 85
61 95
61 144
61 166
61 250
61 270
61 300
61 384
61 536
61 725
61 740
62 183
62 272
62 274
62 345
62 370
62 498
62 505
62 544
62 684
63 239
63 287
63 423
63 464
63 720
63 745
64 218
64 224
64 545
64 585
64 692
64 706
65 351
65 504
65 600
65 611
66 334
66 601
67 171
67 190
67 406
67 613
67 741
68 88
68 141
68 195
68 385
68 449
68 561
68 681
69 180
69 388
69 501
69 672
69 722
70 105
70 245
70 455
70 590
70 636
71 111
71 117
71 235
71 247
71 352
71 372
71 383
71 385
71 394
71 421
71 515
71 564
71 571
71 573
71 599
71 686
72 331
72 400
72 541
72 552
73 332
73 368
73 453
73 601
73 694
74 77
74 197
74 289
74 404
74 549
75 124
75 414
75 488
75 593
75 647
76 167
76 193
76 205
76 211
76 256
76 258
76 675
77 181
77 190
77 288
77 292
77 488
77 566
77 629
78 130
78 146
78 154
78 223
78 374
78 388
79 256
79 322
79 327
79 695
79 715
80 146
80 157
80 175
80 717
81 108
81 341
81 380
81 735
82 164
82 399
82 406
82 435
82 650
83 143
83 149
83 224
83 263
83 282
83 344
84 232
84 235
84 285
84 315
84 421
84 507
84 680
85 125
85 253
85 345
85 435
85 504
85 603
85 729
86 97
86 133
86 452
86 581
87 137
87 167
87 592
88 109
88 183
88 480
89 238
89 282
89 399
89 458
89 470
89 489
89 666
89 687
89 699
90 445
90 531
90 657
90 732
91 483
91 501
91 524
91 706
91 707
91 748
92 255
92 427
92 441
92 515
92 524
92 651
92 729
93 189
93 203
93 214
93 376
93 589
93 604
94 456
94 516
94 565
94 643
95 110
95 192
95 345
95 691
96 129
96 512
96 585
97 113
97 274
97 531
97 590
98 161
98 283
98 471
98 660
99 179
99 188
99 219
99 242
99 302
99 496
99 602
99 633
100 118
100 171
100 181
100 306
100 310
100 520
101 119
101 193
101 342
101 447
101 457
101 746
102 200
102 304
102 349
102 465
102 564
102 641
103 106
103 233
103 244
103 274
103 287
104 238
104 284
104 292
104 319
104 368
104 474
104 495
105 417
105 603
105 664
106 228
106 258
106 340
106 698
107 113
107 307
107 559
108 179
108 205
108 375
109 147
109 354
109 503
110 277
110 521
110 630
111 436
112 230
112 364
112 548
112 598
112 614
113 132
113 174
113 330
113 371
113 529
113 595
114 158
114 207
114 479
115 173
115 241
115 472
115 565
116 278
116 435
116 436
116 453
116 734
117 425
117 535
117 622
117 683
117 747
118 347
118 426
118 462
118 494
118 686
118 718
118 742
119 213
119 551
119 707
119 717
119 730
120 201
120 221
120 247
120 337
120 361
120 450
120 667
120 686
120 689
121 271
121 302
121 397
121 406
121 410
121 441
121 600
122 177
122 481
122 488
122 628
123 192
123 233
123 255
123 260
123 380
123 625
123 650
123 718
124 340
124 486
124 599
124 638
125 141
125 150
125 295
125 376
125 640
125 654
125 722
125 733
126 237
126 238
126 598
126 617
127 342
127 398
127 570
127 609
128 489
128 492
129 269
129 477
129 559
130 450
130 576
130 624
130 703
131 169
131 192
131 274
131 420
131 451
131 662
131 691
132 363
132 422
132 563
133 361
133 389
133 598
134 310
135 395
135 539
135 591
136 725
137 170
137 194
137 205
137 291
137 314
137 439
137 658
137 707
137 742
138 617
139 202
139 254
139 262
139 443
139 683
139 737
140 540
140 659
140 661
141 152
141 232
141 247
141 320
141 413
141 424
141 481
141 500
141 551
141 631
141 639
141 654
141 707
142 169
142 442
142 553
143 182
143 367
143 422
143 641
144 211
144 298
144 455
144 493
144 628
144 708
144 728
144 731
145 343
145 577
145 649
146 312
146 454
146 681
146 682
147 154
147 375
147 446
147 456
147 583
147 738
148 223
148 391
148 488
148 665
148 697
149 200
149 229
149 437
149 506
149 571
149 622
149 632
150 250
150 355
150 370
150 628
150 647
150 713
151 369
151 473
151 531
151 619
151 642
152 426
152 454
152 460
152 494
153 387
153 403
154 294
154 336
154 383
154 436
154 496
154 634
155 349
155 363
155 378
155 442
155 465
155 592
155 645
155 659
156 239
156 510
156 652
157 184
157 303
157 343
157 433
157 469
157 508
157 600
158 159
158 320
158 339
158 370
158 415
158 498
158 540
158 602
158 654
158 659
159 256
159 284
159 343
159 373
159 474
159 565
160 221
160 306
160 310
160 325
160 357
160 372
160 489
160 514
160 554
160 607
162 515
162 742
163 200
163 206
163 301
163 466
164 277
164 302
164 421
164 450
164 708
165 327
165 328
165 368
165 476
165 575
165 664
166 221
166 705
167 438
167 505
167 674
167 678
168 235
168 249
168 295
168 443
168 530
168 691
168 721
169 330
169 462
169 535
169 611
169 651
170 176
170 259
170 404
170 450
170 472
170 480
170 619
170 633
170 722
171 402
171 657
171 673
172 178
172 300
172 305
172 405
172 443
173 194
173 347
173 517
173 589
174 317
174 345
174 367
174 495
174 621
174 676
175 197
175 280
175 321
175 336
175 414
175 534
175 707
176 281
176 335
176 364
176 402
176 453
176 472
176 473
176 499
176 544
176 563
176 743
177 278
177 283
177 299
177 406
177 477
177 516
177 691
178 389
178 593
178 627
179 252
179 413
179 459
179 516
179 580
179 581
179 632
179 735
180 329
180 518
180 527
180 609
180 732
180 744
181 246
181 473
181 498
181 525
181 589
182 207
182 309
182 316
182 469
183 211
183 400
183 406
183 488
183 561
183 575
183 607
184 455
185 387
185 652
186 227
186 459
186 519
186 610
186 701
187 240
187 347
187 349
187 373
187 470
187 516
187 723
188 263
188 340
188 376
188 474
188 592
189 190
189 200
189 332
189 334
189 433
189 465
190 244
190 288
190 395
190 502
190 568
190 719
191 305
191 598
191 606
191 715
192 427
192 442
192 447
192 455
192 575
193 197
193 311
193 410
194 198
194 240
194 370
194 475
194 536
194 582
194 706
195 232
195 349
195 500
195 589
196 238
196 263
196 271
196 375
196 635
197 200
197 206
197 209
197 229
197 279
197 593
197 613
197 627
197 708
198 741
199 262
199 395
199 407
199 540
199 674
199 691
199 715
200 287
200 324
200 332
200 367
200 391
200 438
200 553
200 741
201 636
201 722
202 244
202 456
203 229
203 368
203 402
203 655
204 215
204 227
204 300
204 388
205 300
205 584
205 700
206 208
206 234
206 248
206 368
206 400
206 485
207 211
207 244
207 674
208 209
208 458
208 570
208 580
208 610
208 743
209 281
209 327
209 332
209 358
209 404
209 426
209 450
209 452
209 699
209 724
209 736
210 410
210 422
210 440
211 288
211 544
211 571
211 668
212 712
213 269
213 279
213 328
213 403
213 413
213 478
213 713
214 451
214 528
214 626
214 739
215 334
215 452
216 631
217 223
217 244
217 659
218 325
218 340
218 388
218 567
219 253
219 492
219 618
219 690
220 400
220 515
220 571
221 267
221 348
221 401
221 415
221 577
221 635
222 441
222 530
222 535
222 594
223 441
223 720
224 463
224 557
224 608
224 671
225 344
225 345
225 357
225 529
226 421
226 465
227 320
227 714
227 743
228 329
229 323
229 696
230 250
230 289
230 358
230 501
230 568
231 313
231 321
231 330
231 399
231 553
231 636
232 346
232 481
232 518
232 582
232 609
232 646
232 655
232 706
233 415
233 453
233 521
233 621
233 694
234 240
234 446
234 467
234 587
234 694
234 719
235 356
235 386
235 504
235 512
235 532
235 550
235 686
235 730
236 270
236 288
236 520
236 530
236 633
237 300
238 302
238 420
238 440
238 450
238 733
238 734
239 306
239 362
239 411
239 427
239 639
240 357
240 458
240 464
241 297
241 447
241 632
241 665
241 669
241 679
242 346
242 583
243 288
243 289
243 546
243 679
243 708
244 245
244 249
244 309
244 311
244 366
244 427
244 676
245 254
245 263
245 287
245 305
245 404
246 292
246 369
247 277
247 341
247 514
247 589
248 300
248 424
248 467
248 566
248 578
248 639
249 287
249 749
250 393
250 493
250 505
250 682
250 732
251 718
251 740
253 475
253 591
255 264
255 446
255 466
255 554
255 624
256 321
256 445
257 613
257 646
257 648
258 344
258 437
258 511
258 519
258 581
258 651
258 652
258 683
259 450
259 491
260 270
260 402
260 460
260 472
260 491
260 621
261 322
261 406
261 559
262 417
262 572
262 713
262 733
263 287
263 509
263 575
263 618
263 636
264 653
265 301
265 310
265 341
265 394
265 563
265 647
266 487
266 585
266 616
266 669
266 693
267 301
267 357
267 478
267 601
267 742
268 309
268 310
268 410
268 456
268 649
268 695
268 738
268 746
269 301
269 434
269 549
269 550
269 716
270 297
270 305
270 364
270 499
270 508
270 529
270 641
270 709
271 548
271 602
271 620
271 631
272 299
272 345
272 397
272 452
273 367
273 400
273 468
273 488
274 322
274 386
274 505
274 720
275 743
276 278
276 399
276 442
276 466
276 584
276 676
277 443
277 497
277 648
278 475
278 501
278 511
278 541
278 550
278 710
278 719
279 563
279 749
280 424
280 470
281 332
281 479
281 503
281 733
282 377
282 548
283 389
283 598
284 551
284 670
284 743
285 317
286 335
286 362
286 381
287 292
287 318
287 322
288 617
289 363
289 454
289 471
289 604
289 727
290 298
290 536
290 609
291 418
291 587
292 380
292 383
292 427
292 661
293 397
293 544
293 580
293 592
293 599
294 324
294 418
294 573
295 317
295 332
295 360
295 532
295 601
296 300
296 388
296 453
296 506
296 580
296 590
296 728
296 743
297 362
297 460
297 596
297 726
298 305
298 353
298 403
298 500
298 525
299 329
299 527
299 613
299 709
300 427
300 476
300 523
300 551
300 561
300 562
300 666
300 702
301 471
301 531
301 704
301 739
301 746
302 331
302 542
302 575
302 649
303 352
303 646
303 651
305 360
305 567
305 626
306 321
306 481
306 521
306 553
306 706
307 595
308 394
308 607
308 616
309 382
309 439
309 500
309 534
309 678
309 683
309 721
310 366
310 673
310 747
311 430
311 523
311 668
312 611
312 745
313 344
313 572
313 700
314 486
316 560
316 680
316 706
317 439
317 492
317 520
317 600
317 623
317 700
318 470
318 528
318 619
318 635
319 433
320 321
320 334
320 401
320 533
320 546
320 643
320 712
320 730
321 433
321 447
321 512
321 688
322 512
322 643
323 403
323 435
324 357
324 374
324 464
324 468
324 518
324 595
324 727
325 410
325 587
325 685
325 727
326 688
327 446
327 520
327 575
327 695
328 380
328 420
329 644
329 661
330 643
331 408
331 455
331 556
331 558
331 746
332 352
332 570
332 658
332 685
333 607
334 496
334 600
335 618
335 656
336 587
336 618
336 682
336 719
337 402
337 429
337 455
337 605
337 618
338 420
338 435
338 612
339 399
339 440
340 665
341 389
341 414
341 479
341 480
341 533
341 554
341 713
342 383
342 447
342 655
343 369
343 425
343 465
343 656
344 375
344 638
344 643
345 419
345 570
345 648
346 460
347 364
347 381
347 562
348 401
348 528
348 688
349 416
349 467
349 472
349 591
349 597
350 401
350 465
350 517
350 691
351 356
351 503
351 715
351 731
352 358
352 371
352 397
352 456
352 623
352 629
353 379
353 427
353 519
353 620
353 635
354 364
354 427
354 555
355 494
356 430
356 465
357 406
357 418
357 425
357 566
357 648
357 697
358 386
358 502
358 507
359 366
359 398
359 405
359 495
359 560
359 738
359 748
360 384
360 567
361 414
361 463
361 543
361 724
362 502
362 603
362 695
362 715
363 395
363 733
365 589
365 631
365 700
366 390
366 404
366 643
366 687
367 499
367 532
367 645
369 380
369 527
370 424
370 480
370 539
370 699
370 734
371 535
371 580
371 708
372 651
373 405
373 471
373 724
374 412
374 592
375 689
376 663
376 700
377 431
377 601
377 611
378 397
378 582
378 632
379 385
379 386
379 470
379 672
379 707
380 582
380 653
380 704
381 440
382 438
382 613
383 490
383 507
383 522
383 563
383 564
383 608
384 550
384 623
384 645
384 648
384 689
385 462
385 628
385 740
386 397
386 528
386 530
386 641
386 712
387 425
387 511
387 550
387 631
388 432
388 486
389 408
389 469
389 589
389 643
389 687
390 431
392 441
392 508
393 673
394 425
394 492
394 545
395 662
396 532
396 602
396 613
396 635
396 693
397 462
397 476
397 547
397 587
397 632
397 638
397 706
397 708
398 569
398 583
398 621
398 637
399 695
399 742
400 478
400 530
400 580
400 633
400 667
401 419
401 466
401 483
401 538
401 725
402 514
402 524
402 545
402 640
402 655
403 512
403 621
403 694
404 689
405 450
405 495
405 736
406 421
406 662
406 675
407 459
407 526
407 719
408 518
409 731
410 442
410 446
410 532
410 549
410 554
410 563
410 667
411 487
412 508
412 573
412 604
412 609
412 644
412 676
412 684
413 548
413 564
413 656
414 422
414 429
414 583
414 657
415 421
415 493
415 627
416 637
416 640
416 707
416 716
417 717
418 492
418 647
419 497
419 607
420 428
420 597
421 595
421 746
422 495
422 662
423 548
424 640
424 667
425 486
426 459
426 487
426 555
426 570
427 436
427 534
427 601
427 656
428 485
428 623
429 438
429 512
429 523
429 624
429 649
429 746
430 466
430 580
431 512
431 609
432 697
433 614
433 638
433 682
433 699
434 461
434 576
434 607
434 647
436 464
436 524
436 648
436 716
436 745
436 749
437 446
437 456
437 471
437 637
438 653
440 493
440 743
441 448
441 544
441 589
441 644
441 685
442 474
442 585
442 674
442 745
443 458
443 589
443 624
444 535
444 732
446 506
446 526
446 613
446 617
446 639
446 730
447 562
447 605
448 482
448 505
448 636
448 666
449 482
449 578
450 543
450 685
450 744
451 453
451 472
451 692
452 577
453 681
454 468
454 611
454 646
454 676
456 590
456 591
457 462
457 525
457 640
458 513
458 726
458 744
460 504
462 575
463 535
464 567
464 695
465 512
465 520
465 568
465 579
465 635
466 498
466 655
466 676
468 579
469 637
469 719
470 483
470 626
471 607
472 519
472 651
472 714
472 730
473 560
474 579
475 514
476 517
476 659
477 570
478 485
478 576
478 649
479 500
479 608
480 684
480 711
481 583
482 523
482 611
482 708
482 741
483 484
483 526
483 631
484 508
484 615
484 636
484 714
485 639
485 727
486 734
487 745
488 512
488 534
488 602
488 638
488 647
488 681
490 610
490 651
491 529
491 655
491 659
491 663
491 684
491 714
492 612
492 691
494 526
494 718
495 587
495 624
496 596
498 576
499 541
499 662
499 666
499 719
499 736
500 607
500 690
500 747
501 522
502 631
502 651
504 671
504 673
505 585
505 719
506 739
507 554
507 650
507 672
507 677
508 520
508 622
509 514
509 585
509 637
509 747
513 533
514 538
514 652
515 569
515 643
515 727
516 561
516 589
517 539
517 708
517 711
518 641
518 703
519 532
519 645
519 709
521 567
521 610
521 634
523 524
523 592
523 639
523 664
524 560
524 565
524 641
526 624
526 708
527 568
527 703
528 625
528 626
529 742
531 595
531 689
532 541
532 685
533 599
534 657
534 735
535 645
535 684
535 728
536 651
536 686
537 579
537 717
538 635
538 720
540 640
540 679
540 743
542 585
542 736
543 637
544 570
544 626
544 704
546 709
547 620
547 675
548 573
548 664
548 675
549 600
549 633
550 598
550 632
550 679
551 564
551 637
552 678
552 710
553 611
553 678
555 741
556 587
557 651
558 649
558 659
559 602
560 606
561 672
561 735
562 708
563 596
563 728
565 588
565 727
565 740
565 743
565 749
566 589
566 614
567 585
569 595
570 608
570 745
572 686
573 661
574 590
574 677
575 595
575 722
575 740
576 629
576 638
576 639
576 686
577 616
577 690
578 619
578 707
578 711
580 593
580 720
582 716
583 620
583 638
583 703
584 660
584 709
585 640
585 715
586 668
586 732
587 609
588 717
589 671
589 676
591 619
593 594
593 656
594 631
597 670
597 685
597 738
598 628
598 659
598 729
601 734
602 741
603 737
604 681
606 743
609 703
610 695
613 615
613 665
613 705
614 673
616 721
617 708
618 695
619 705
620 743
621 651
621 713
622 726
623 633
623 713
624 655
625 749
627 734
628 633
628 642
628 710
629 694
630 672
630 747
631 635
632 639
632 644
634 690
636 723
638 668
638 678
639 732
639 733
640 705
643 688
645 740
647 683
652 683
654 691
654 740
655 675
655 746
660 741
664 699
664 716
669 675
674 683
679 738
681 719
682 729
686 698
687 727
688 729
690 714
695 716
696 730
697 725
699 748
699 749
707 746
708 728
708 729
711 734
720 739
733 743
735 739
