0 23
0 227
0 375
1 109
1 161
1 368
1 397
1 417
1 423
1 431
1 464
2 186
2 195
2 283
2 496
2 498
3 359
4 7
4 12
4 38
4 49
4 120
4 218
4 243
4 360
5 118
5 165
5 167
5 304
5 427
6 40
6 116
6 210
6 212
6 281
6 360
7 102
7 181
7 314
7 407
8 35
8 63
8 263
8 282
8 305
8 451
8 464
9 91
9 169
9 239
9 244
9 448
10 142
10 177
10 235
10 383
10 431
11 196
11 271
11 392
11 396
11 403
12 66
12 81
12 94
12 197
12 244
12 269
12 281
12 301
12 385
12 441
12 456
12 471
12 472
13 26
13 79
13 86
13 142
13 160
13 201
13 270
13 296
13 412
13 477
14 63
14 85
14 105
14 231
14 328
14 415
14 442
14 473
15 64
15 217
15 231
15 303
15 472
16 32
16 126
16 207
16 476
17 54
17 67
17 155
17 177
17 387
17 466
17 489
17 494
18 78
18 120
18 210
18 352
18 391
18 451
19 93
19 211
19 220
19 231
19 234
19 269
19 378
19 384
20 40
20 179
20 409
21 164
21 195
21 290
21 472
22 102
22 178
22 213
22 221
22 318
22 402
22 463
23 49
23 234
23 241
23 344
24 67
24 89
24 115
24 143
24 232
24 278
24 346
24 378
24 390
25 95
25 143
25 271
25 287
26 48
26 163
26 193
26 262
26 347
26 372
26 387
26 453
27 107
27 190
27 242
27 299
27 498
28 106
28 110
28 144
28 245
29 50
29 299
29 335
29 498
30 34
30 49
30 160
30 258
30 276
30 311
30 312
30 431
31 85
31 113
31 117
31 376
31 498
32 61
32 200
32 221
32 351
32 373
32 437
32 486
33 34
33 240
33 243
33 411
34 55
34 82
34 114
34 176
34 437
35 133
35 200
35 339
35 388
35 399
35 488
36 112
36 489
37 126
37 174
37 214
37 253
37 306
37 359
38 172
38 206
38 238
38 356
38 370
38 437
38 497
39 53
39 170
39 281
39 292
40 54
40 72
40 102
40 200
40 215
40 329
40 359
40 448
41 150
41 246
41 328
41 350
41 401
42 318
42 342
42 370
42 462
43 87
43 245
44 101
44 138
44 188
44 390
45 226
45 386
46 75
46 90
46 152
46 175
46 238
46 293
46 295
46 365
47 107
47 436
48 79
48 88
48 252
48 324
48 421
48 432
48 441
48 442
48 494
49 138
49 139
49 223
49 317
49 364
50 90
50 148
50 212
50 223
50 248
50 278
50 352
51 122
51 305
51 434
51 467
52 405
52 431
53 67
53 246
53 267
53 276
53 320
53 481
53 495
54 106
54 114
54 120
54 139
54 227
54 443
55 144
55 421
56 117
56 148
56 338
56 366
56 476
57 93
57 263
57 265
57 271
57 279
57 308
57 451
58 210
58 394
59 63
59 441
59 485
60 138
60 233
60 270
60 297
60 415
60 438
60 469
60 498
61 67
61 69
61 148
61 384
61 473
62 89
62 164
62 210
62 252
62 332
62 392
62 399
62 414
62 487
62 493
63 95
63 232
63 251
63 353
64 219
64 358
64 441
64 451
64 485
65 122
65 182
65 334
65 358
65 450
66 78
66 100
66 200
66 262
66 277
66 291
66 334
66 478
67 100
67 161
67 398
67 452
68 184
68 321
69 84
69 149
69 171
69 196
69 337
70 115
70 135
70 141
70 160
70 358
70 385
70 407
70 418
71 105
71 211
71 232
71 373
72 101
72 115
72 204
72 216
72 341
72 371
72 426
72 485
73 90
73 208
73 343
73 355
73 392
73 407
73 464
74 78
74 112
74 117
74 197
74 276
74 326
75 110
75 358
75 394
75 398
75 412
75 446
75 472
76 97
76 143
76 172
76 419
76 447
77 102
77 349
77 356
78 222
78 315
78 333
79 293
79 308
79 340
79 348
79 445
80 355
80 481
81 87
81 96
81 203
81 338
82 84
82 211
83 102
83 448
84 152
84 208
84 260
84 271
85 231
85 389
86 91
86 129
86 223
86 438
86 449
86 484
87 249
87 362
87 465
88 256
88 353
88 369
89 164
89 237
89 256
90 107
90 246
90 395
91 216
91 236
91 243
91 330
91 341
91 372
91 419
91 440
91 499
92 131
92 229
92 305
92 358
92 359
92 388
92 459
93 132
93 212
93 285
93 308
93 491
94 133
94 134
94 283
94 371
94 391
94 393
94 398
94 489
95 106
95 499
96 138
96 305
96 330
96 414
96 428
96 448
97 261
97 291
97 370
98 256
98 285
98 322
98 493
99 215
99 219
99 439
100 116
100 151
100 239
100 278
100 401
100 494
101 122
101 183
101 432
102 121
102 176
102 359
102 362
103 327
103 384
103 393
103 396
103 442
103 444
103 463
104 137
104 226
104 263
104 273
104 281
104 403
104 411
105 186
105 191
105 392
105 423
106 107
106 242
106 261
106 293
106 311
107 123
107 124
107 133
107 162
107 198
107 301
107 408
107 425
108 113
108 172
108 250
108 362
108 456
109 201
109 313
109 403
110 111
111 198
111 300
111 351
112 185
112 186
112 334
112 381
112 411
112 494
113 171
113 339
113 390
113 481
113 488
114 136
114 139
114 213
114 446
115 361
115 386
115 393
115 484
116 289
116 309
116 356
116 434
117 227
118 157
118 496
119 185
119 241
119 281
119 309
119 369
119 396
119 410
119 416
120 263
120 285
120 339
121 171
121 295
121 298
121 428
122 142
122 163
122 185
122 195
122 258
122 308
122 360
122 382
123 207
123 256
123 264
123 288
123 339
123 388
124 179
124 230
125 221
125 353
126 178
126 260
126 337
126 350
127 185
127 237
127 258
127 277
127 382
127 464
128 156
128 158
128 210
128 350
128 408
128 483
129 174
129 207
129 219
129 235
129 466
130 132
130 158
130 171
130 232
130 285
130 315
130 440
130 499
131 138
131 279
131 283
131 412
131 499
132 197
132 343
132 351
132 356
132 357
132 432
133 207
133 252
133 328
133 443
134 432
134 459
134 487
135 138
135 188
135 229
135 379
135 412
136 209
136 220
136 264
136 312
136 331
136 453
137 251
137 254
137 459
137 491
138 144
138 198
138 207
139 148
139 161
139 172
139 202
139 213
139 237
139 251
139 252
139 340
139 399
139 467
140 193
140 318
141 275
141 326
141 329
141 422
142 289
142 371
142 465
143 174
143 367
143 398
143 482
144 397
144 408
144 444
145 179
145 266
145 379
145 393
145 465
145 467
146 200
146 254
146 309
146 469
147 257
147 271
148 184
148 249
148 296
148 421
148 480
149 324
149 376
149 430
150 152
150 300
150 407
150 435
151 210
151 270
151 285
151 372
151 425
151 426
152 244
152 315
152 321
152 478
153 185
153 191
153 195
153 260
153 414
153 431
153 470
154 410
154 429
154 436
154 450
155 232
155 270
155 319
155 370
155 394
155 437
155 450
155 482
156 173
156 304
157 184
157 222
157 251
157 342
158 171
158 253
158 381
158 388
158 398
158 420
159 174
159 214
159 218
159 259
159 342
160 185
160 204
161 318
161 373
161 376
161 435
162 312
162 377
163 394
163 413
164 198
164 240
164 258
164 327
165 192
165 247
166 420
166 476
167 177
167 322
167 370
167 380
167 396
167 439
168 207
168 307
168 472
169 170
169 239
169 288
169 372
170 181
170 358
170 418
170 442
171 347
171 372
171 384
172 476
173 179
173 184
173 235
173 295
173 306
173 370
173 385
173 412
173 423
173 446
174 196
174 402
174 448
174 485
174 492
175 211
175 217
175 301
175 348
175 486
176 250
176 276
176 326
176 342
177 203
177 207
177 239
177 259
177 266
177 339
177 462
178 223
178 259
178 379
178 486
179 255
179 338
180 434
180 449
181 225
181 349
181 373
181 457
181 459
181 496
182 214
182 233
182 388
182 471
183 226
183 244
183 248
183 462
183 492
184 361
184 382
184 399
185 495
186 344
186 386
187 248
187 383
187 410
187 426
187 428
187 432
187 451
187 464
188 267
188 397
189 228
189 343
189 450
189 453
190 285
190 337
190 377
190 406
191 270
191 275
191 422
191 472
192 253
192 268
192 451
193 247
193 488
194 205
194 336
195 238
195 247
195 308
195 381
195 390
195 471
196 248
196 277
196 454
197 210
197 265
197 268
197 434
198 267
198 376
199 255
199 415
200 207
200 323
200 393
200 414
200 431
200 467
201 265
201 472
202 341
203 382
203 446
204 383
205 245
205 392
206 323
206 481
207 234
207 263
208 242
208 270
208 393
209 266
209 420
210 213
210 247
210 308
210 317
210 383
210 443
211 238
211 276
211 304
211 369
211 374
212 213
212 252
212 373
212 382
212 403
213 214
213 231
213 233
213 284
213 300
213 384
214 219
214 260
214 275
214 367
214 392
214 399
214 431
215 341
215 441
216 289
216 336
216 431
217 279
217 297
217 336
217 391
217 453
218 297
218 482
218 489
219 240
219 368
219 463
219 470
220 339
220 497
222 316
222 439
222 450
223 433
223 441
224 306
224 479
225 309
225 339
225 360
226 305
226 342
226 350
227 232
227 253
227 338
227 399
227 472
228 263
228 325
228 345
228 433
228 464
229 322
229 392
229 464
230 251
230 255
230 492
232 252
232 264
232 341
232 413
233 285
233 363
233 366
233 393
233 430
234 247
234 251
234 390
234 422
234 449
235 415
236 252
236 315
236 396
236 399
236 401
236 402
236 431
236 464
236 484
236 490
237 250
238 495
239 250
239 382
239 405
239 412
239 461
240 276
240 336
240 465
241 282
241 363
242 278
242 297
242 342
242 344
242 406
242 413
242 486
243 346
243 372
243 458
244 457
245 281
245 390
246 270
246 309
246 365
246 395
246 411
247 325
247 358
247 373
247 408
248 262
248 437
249 283
249 347
249 392
249 405
251 322
252 297
252 363
252 439
252 457
253 299
253 464
254 292
254 300
254 425
254 479
255 322
255 450
255 475
256 259
256 308
256 390
256 396
256 496
257 303
258 383
258 497
259 439
260 299
260 330
260 331
260 496
261 321
261 352
261 365
261 370
261 405
261 441
261 450
261 475
262 425
263 361
263 446
263 491
264 293
264 439
265 271
265 305
265 354
266 365
266 448
266 452
267 308
267 329
267 408
268 440
269 317
269 377
269 417
269 487
270 287
270 302
270 303
270 326
272 275
272 404
272 449
273 323
273 405
273 436
273 442
273 470
273 487
274 298
274 365
274 471
276 313
277 308
277 317
278 293
278 326
278 411
278 416
278 443
279 280
279 353
279 400
279 477
280 294
280 355
281 335
282 434
283 284
283 337
283 385
283 411
283 470
283 489
284 365
285 460
286 305
287 307
287 338
290 373
291 354
292 312
292 320
292 342
292 469
294 373
294 391
294 404
294 467
296 401
296 455
296 498
297 417
297 485
298 475
298 492
299 330
299 339
299 340
299 342
299 448
299 467
299 499
300 440
300 465
301 351
301 429
301 474
302 331
302 345
302 380
303 375
304 309
304 369
304 488
305 344
305 455
306 310
306 312
306 313
306 353
306 369
307 320
307 419
307 496
308 392
308 458
308 462
308 464
308 473
309 344
310 369
310 383
310 484
311 482
312 377
312 384
312 452
313 459
314 336
314 413
314 485
315 364
316 447
317 497
317 498
318 342
318 369
319 394
320 325
320 368
320 388
320 455
320 465
321 337
321 349
321 402
322 326
322 329
322 429
325 427
326 336
327 419
327 455
327 469
328 411
328 422
329 350
329 368
330 453
331 376
331 497
332 360
332 400
332 428
332 498
335 393
336 349
337 386
337 443
338 411
338 449
339 403
339 430
339 474
340 488
341 346
341 368
341 398
341 487
342 371
342 424
342 458
343 435
343 441
343 485
344 349
344 379
345 360
345 396
345 454
345 483
346 442
346 469
347 417
347 457
348 492
349 398
350 408
351 385
353 375
353 391
353 421
353 437
353 492
353 495
354 355
354 371
354 386
354 388
355 362
355 392
355 417
355 441
355 450
356 419
356 423
357 359
357 452
358 417
358 463
358 478
359 494
360 372
360 401
361 450
362 416
362 489
363 377
363 421
363 468
363 470
367 396
367 469
368 493
369 459
370 476
371 478
372 428
372 445
372 455
372 461
372 475
373 380
374 482
375 381
375 448
376 460
376 474
377 404
378 385
380 394
380 498
381 428
381 437
381 471
382 484
384 442
385 410
385 440
385 468
385 475
385 489
385 492
386 433
388 483
389 478
390 393
391 438
391 447
392 489
392 499
393 413
393 417
393 456
395 478
396 432
396 455
397 493
398 415
399 460
401 407
401 475
402 414
404 454
404 469
405 495
407 446
407 498
408 451
411 457
413 444
414 466
415 424
416 474
417 445
418 454
419 452
420 454
422 432
422 485
423 446
424 480
426 484
426 499
430 467
432 490
433 466
434 447
434 480
435 499
438 490
439 444
441 460
442 453
443 481
446 463
446 473
447 449
449 488
450 474
453 488
455 492
455 497
462 473
465 493
472 496
475 483
476 489
481 491
482 495
483 488
491 494
