0 13
0 18
0 44
0 64
0 67
0 121
0 127
0 244
1 3
1 91
1 110
1 139
1 170
1 172
2 30
2 32
2 114
2 123
2 151
2 158
2 167
3 52
3 146
3 166
3 195
4 20
4 34
4 86
4 89
4 226
5 116
5 152
5 161
5 188
6 108
6 183
7 82
7 85
7 183
7 218
7 228
8 18
8 112
8 115
8 119
8 169
8 187
8 194
8 221
9 64
9 66
9 72
9 164
10 31
10 36
10 45
10 47
10 122
10 183
10 209
10 237
10 240
11 77
11 167
11 188
12 15
12 44
12 62
12 120
12 202
13 116
13 134
13 163
13 213
13 227
14 44
14 100
14 115
14 169
15 47
15 63
15 84
15 114
15 131
15 144
16 40
16 88
16 94
16 96
16 145
16 149
16 225
16 237
16 249
17 20
17 30
17 32
17 43
17 69
17 107
17 192
17 224
17 247
18 24
18 91
18 113
18 130
18 140
18 185
18 204
19 166
19 172
19 236
20 49
20 83
20 91
20 157
20 165
20 181
20 234
20 239
20 249
21 25
21 60
21 120
21 235
21 241
22 31
22 44
22 127
22 191
22 235
23 52
23 92
23 120
23 125
23 189
23 206
24 31
24 53
24 68
24 86
24 87
24 108
24 114
24 146
24 165
24 192
24 197
24 204
24 209
25 51
25 65
25 91
25 110
25 121
25 154
25 188
25 202
25 229
25 245
26 63
26 72
26 193
27 48
27 53
27 63
27 70
27 74
27 129
27 148
27 159
27 176
27 193
27 195
27 205
27 219
28 56
28 78
28 108
28 124
28 167
29 41
29 66
29 108
29 127
29 161
29 249
30 197
31 33
32 197
32 206
32 227
33 89
33 134
33 176
33 191
33 244
34 38
34 94
34 182
34 190
34 208
34 236
35 37
35 70
35 98
35 152
36 62
36 65
36 142
36 163
36 232
36 243
37 61
37 94
37 110
37 133
37 139
37 237
38 45
38 77
38 118
38 125
38 140
38 168
38 203
38 226
39 65
39 88
39 95
39 122
39 131
39 137
39 154
39 202
39 214
39 224
40 70
40 125
41 83
41 125
41 128
41 150
41 168
41 195
42 97
42 129
42 160
42 207
43 78
43 99
43 117
43 176
43 212
43 224
44 59
44 125
44 209
44 247
45 149
45 175
45 178
45 183
45 243
46 151
46 170
46 172
46 192
46 229
47 163
47 168
47 193
47 195
47 217
48 74
48 83
48 110
48 236
49 192
49 202
49 232
50 159
50 199
51 73
51 130
51 144
51 153
51 164
51 180
51 210
51 236
52 66
52 101
52 112
52 137
52 232
53 60
53 70
53 93
53 98
53 100
53 115
53 124
53 161
53 230
54 62
54 84
54 125
54 164
54 170
54 217
54 218
54 222
55 88
55 123
55 171
55 243
56 170
56 248
57 69
57 91
57 129
57 181
57 202
58 78
58 107
58 124
58 200
58 213
58 245
59 73
59 78
59 87
59 99
59 127
59 129
59 150
59 188
59 216
59 245
60 122
60 190
60 200
60 233
62 130
62 152
62 157
62 173
63 131
63 134
63 229
64 87
64 103
64 132
64 175
64 187
64 225
65 117
65 133
65 153
65 197
65 218
66 70
66 78
66 89
66 169
67 71
67 144
67 145
67 165
67 183
67 195
68 191
68 222
68 226
69 94
69 108
69 223
69 246
70 102
70 112
70 117
71 81
71 93
71 158
71 169
71 223
72 134
72 148
72 172
72 199
72 232
73 80
73 134
73 199
74 91
74 123
74 131
74 187
74 230
75 106
76 77
76 124
76 147
76 165
76 176
76 203
77 94
77 140
77 144
77 149
77 165
77 185
78 80
78 114
78 165
79 181
79 201
80 110
80 130
80 193
80 207
80 233
80 245
81 93
81 122
81 217
81 225
81 244
82 99
82 160
82 244
83 140
83 173
83 215
84 109
84 162
84 174
84 199
84 212
85 97
85 129
85 164
85 224
86 132
86 198
86 202
87 195
87 205
88 197
89 116
89 152
89 175
89 186
90 92
90 94
90 120
90 130
90 209
90 248
91 138
91 163
91 224
92 119
92 132
92 215
92 241
92 245
93 136
93 149
93 170
93 181
93 185
93 211
93 213
94 162
94 171
94 174
94 203
95 160
95 176
95 208
95 238
96 167
97 104
97 139
97 149
97 197
97 218
97 242
98 102
98 123
98 206
98 231
99 144
99 148
99 235
100 167
100 182
100 218
101 102
101 122
101 173
102 122
102 128
102 137
102 145
102 222
102 238
103 135
103 146
103 173
103 209
104 147
104 167
104 169
104 191
104 198
105 120
105 126
105 147
105 180
106 115
106 233
106 243
107 116
107 122
107 195
107 209
107 223
108 235
109 124
109 126
109 203
109 223
109 225
109 232
110 208
110 223
110 237
111 119
111 123
111 167
112 134
113 134
113 138
113 156
113 166
113 179
113 211
113 220
113 228
114 181
114 193
114 228
114 249
115 156
115 187
115 195
115 221
115 234
115 239
115 240
115 246
116 138
116 143
116 188
116 226
117 149
118 198
118 206
118 212
118 221
119 157
119 167
119 184
119 200
119 245
119 247
120 229
121 127
121 194
121 198
121 224
122 144
122 197
123 149
123 171
123 239
124 153
124 202
124 234
125 160
125 180
125 239
125 245
126 233
127 155
127 190
127 207
127 228
127 236
127 241
128 132
129 146
129 195
129 200
129 208
130 142
130 195
130 201
130 213
131 141
131 181
132 142
133 154
133 159
133 209
133 215
133 235
134 190
134 221
134 239
135 136
135 203
136 150
136 221
136 239
137 161
137 195
138 153
138 245
139 170
139 225
140 157
140 235
141 152
141 158
141 213
141 245
142 145
143 196
143 204
143 206
144 191
144 197
144 220
144 228
145 156
145 173
145 214
146 163
146 174
146 229
146 233
147 186
147 187
149 187
149 219
149 229
150 177
150 186
150 195
150 231
150 232
150 239
151 199
151 218
152 160
152 197
152 213
152 239
153 180
153 192
153 204
153 239
154 191
154 194
154 234
155 176
155 218
155 242
156 209
156 241
157 207
157 220
159 164
159 180
159 183
159 186
159 200
160 233
161 178
161 216
162 193
163 168
163 182
163 224
164 176
164 248
165 181
165 212
165 219
165 234
166 206
166 226
166 240
167 168
169 179
169 214
169 236
170 196
172 203
173 229
173 232
173 233
173 245
173 246
174 213
174 217
175 209
175 219
176 184
176 241
178 194
178 214
178 215
179 182
179 193
179 238
180 196
180 213
181 201
181 209
181 229
181 238
182 183
182 193
182 227
183 239
184 211
185 198
185 224
185 230
187 189
187 196
187 208
187 221
188 204
188 208
188 232
189 196
189 227
190 225
191 219
192 236
193 231
194 223
194 236
195 227
195 244
195 246
197 210
198 220
198 238
199 227
200 221
200 226
201 207
201 222
202 204
202 225
203 207
203 213
203 220
204 233
205 227
207 211
207 220
208 243
209 237
209 249
214 245
215 240
217 244
219 220
219 242
221 242
221 246
221 249
222 240
225 240
227 228
232 241
236 240
237 249
241 249
246 247
