0 3
0 17
0 23
0 26
0 52
0 55
0 60
0 84
0 98
1 9
1 16
1 25
1 33
1 34
1 43
1 83
1 94
2 46
2 65
2 81
2 89
2 94
3 11
3 15
3 30
3 31
3 33
3 48
3 54
3 72
3 78
4 38
4 81
5 13
5 50
5 53
5 69
5 98
6 10
6 13
6 32
7 20
7 30
7 44
7 63
7 71
8 42
8 47
8 62
9 13
9 32
9 37
9 66
9 71
9 90
10 53
10 69
10 96
11 56
11 61
11 72
11 92
12 19
12 42
12 56
12 75
12 76
12 95
13 77
13 79
13 87
14 19
14 21
14 42
14 46
14 53
14 56
14 75
14 80
14 84
14 89
15 30
15 47
15 51
15 52
15 68
15 71
15 80
15 90
16 23
16 27
16 77
16 81
17 19
17 47
17 48
17 67
18 22
18 79
18 89
19 33
19 34
19 46
19 49
19 92
20 33
20 47
21 31
21 41
21 43
21 82
21 99
22 24
22 49
22 61
22 66
22 72
22 89
23 57
23 64
23 72
23 90
23 92
24 29
24 33
24 68
24 70
24 77
24 93
25 38
25 43
25 61
25 62
25 63
25 83
25 87
25 88
26 30
26 34
26 65
26 70
27 59
27 72
27 91
28 30
28 55
28 64
28 81
28 97
29 51
29 59
29 65
29 66
29 80
29 84
30 40
30 42
30 52
30 61
31 45
31 70
31 78
31 80
31 99
32 33
32 44
32 50
32 72
32 76
32 96
32 98
33 54
33 76
33 83
34 47
34 64
34 89
34 90
34 99
35 53
35 60
35 68
36 45
36 52
36 72
36 87
37 43
37 63
37 91
38 39
38 53
38 75
38 91
39 40
39 43
39 49
39 64
39 91
40 89
40 94
40 96
41 72
41 77
43 59
43 62
44 50
44 85
44 86
44 89
44 94
45 64
45 75
45 95
46 49
46 51
46 63
46 66
46 71
46 99
47 66
47 81
47 84
48 62
48 76
48 95
49 71
51 62
51 66
51 67
51 71
51 99
52 62
52 93
52 98
53 58
53 59
53 61
53 63
53 69
53 86
54 73
54 85
54 94
56 66
56 74
56 82
58 67
59 88
60 67
60 68
60 75
60 76
60 81
60 84
61 77
61 89
61 96
61 98
62 63
62 77
62 83
62 90
63 88
63 98
64 88
64 98
65 84
66 93
67 88
68 95
69 78
70 98
71 76
71 80
71 86
72 87
72 98
73 76
73 91
74 75
74 91
75 78
75 79
75 81
75 98
76 87
76 95
77 82
77 84
78 83
78 94
79 90
80 81
80 93
80 96
82 93
84 97
87 99
88 99
89 96
91 94
91 99
