0 3
0 9
0 12
0 15
0 20
0 24
0 30
0 40
0 49
1 5
1 7
1 17
1 41
1 44
2 11
2 22
2 28
2 32
2 36
2 37
2 38
2 41
2 48
3 17
3 37
3 48
4 26
4 35
4 36
4 44
4 49
5 14
5 23
5 36
5 42
6 13
6 27
6 38
6 44
7 11
7 14
7 22
7 30
7 31
7 41
7 42
7 45
8 10
8 19
8 22
8 28
8 32
8 43
9 13
9 20
9 24
9 26
9 28
9 36
9 41
9 42
9 47
10 28
10 30
10 31
10 40
11 19
11 21
11 26
11 33
11 41
11 42
12 17
12 23
12 27
12 36
12 47
13 19
13 25
13 31
13 34
13 38
13 39
13 49
14 16
14 22
14 24
14 42
14 49
15 31
15 38
15 40
16 17
16 20
16 27
16 44
17 21
17 34
17 41
18 30
18 36
18 38
18 45
19 41
20 21
20 36
22 29
22 33
22 36
22 44
22 45
23 39
24 26
25 28
25 31
25 38
25 40
26 28
26 40
26 46
27 30
27 32
27 34
27 40
27 46
28 29
28 30
28 34
28 38
29 47
30 38
30 39
30 45
31 35
31 40
31 41
31 42
31 46
32 39
33 49
34 37
34 42
34 49
35 41
36 41
36 48
39 40
40 42
40 45
41 48
42 44
42 45
43 49
46 47
