0 1
0 999
0 998
0 937
1 3
1 999
1 447
2 3
2 4
3 4
3 5
4 5
4 6
5 6
5 7
5 38
5 250
6 7
6 8
7 8
7 9
8 9
8 10
9 10
9 714
10 11
10 12
10 876
11 12
11 13
11 511
12 13
12 14
12 967
13 14
13 15
14 15
14 16
15 16
15 17
16 17
16 18
17 18
17 134
17 396
18 19
18 20
19 20
19 21
20 21
20 22
21 22
21 23
21 477
22 23
22 24
23 24
23 25
24 26
24 814
25 27
25 361
26 27
26 28
27 29
27 533
28 29
28 30
29 30
29 31
30 31
30 32
31 32
31 655
32 33
32 34
33 34
33 35
34 35
34 36
35 36
35 37
36 37
36 38
37 38
37 39
37 419
38 40
39 40
39 41
40 41
40 42
40 301
41 42
41 43
42 43
42 44
43 44
43 45
44 45
44 46
45 46
45 47
45 985
46 47
46 48
47 48
47 49
48 49
48 50
49 50
49 51
50 51
50 52
51 52
51 53
52 53
52 54
53 55
53 835
53 742
54 55
54 56
55 57
55 221
56 57
56 58
57 58
57 59
58 59
58 60
59 61
59 579
60 61
60 62
61 62
61 63
62 63
62 64
63 64
63 65
64 65
64 66
65 66
65 67
66 67
66 68
66 257
67 68
67 69
67 168
68 69
68 70
69 71
69 434
70 71
70 72
71 72
71 73
72 73
72 74
73 74
73 75
74 75
74 478
75 76
75 77
75 552
76 77
76 78
77 78
77 79
77 329
77 580
77 628
78 79
78 80
79 80
79 81
79 126
80 81
80 82
80 311
81 82
81 83
82 83
82 84
83 84
83 85
83 770
84 85
84 86
85 87
85 602
86 87
86 88
87 88
87 89
87 451
88 89
88 90
89 90
89 538
89 531
90 91
90 92
91 92
91 93
92 93
92 94
93 94
93 95
93 732
94 95
94 96
95 96
95 97
95 468
96 97
96 98
97 98
97 99
98 99
98 100
98 239
99 100
99 101
100 101
100 102
101 102
101 103
101 785
102 103
102 104
103 104
103 105
104 105
104 106
105 106
105 421
106 107
106 108
107 108
107 109
108 109
108 110
109 110
109 111
110 111
110 112
111 112
111 113
112 113
112 114
113 114
113 115
114 115
114 116
115 116
115 117
116 117
116 118
116 699
117 118
117 119
118 119
118 120
119 120
119 121
120 121
120 122
121 122
121 123
122 123
122 124
123 124
123 125
124 125
124 126
125 126
125 127
126 127
126 846
127 128
127 129
128 129
128 130
128 208
129 130
129 131
130 131
130 132
131 132
131 867
132 133
132 134
133 134
133 135
134 472
134 312
135 136
135 137
136 137
136 138
137 138
137 139
138 140
138 979
139 140
139 141
140 141
140 142
141 143
141 168
141 213
142 143
142 947
143 144
143 145
144 145
144 146
145 146
145 147
145 885
146 147
146 148
147 148
147 149
147 954
148 149
148 150
148 729
149 150
149 151
150 151
150 152
151 152
151 153
152 153
152 207
153 875
153 937
154 155
154 156
155 156
155 157
156 157
156 158
157 158
157 159
158 159
158 160
159 160
159 161
160 161
160 162
160 201
161 162
161 163
162 163
162 164
163 164
163 165
164 165
164 166
165 166
165 167
166 167
166 168
167 800
167 384
168 169
169 170
169 171
170 171
170 172
171 172
171 494
172 173
172 322
173 174
173 175
174 175
174 176
175 176
175 177
176 177
176 178
177 178
177 392
178 179
178 180
179 180
179 181
180 181
180 182
181 906
181 457
182 183
182 184
183 184
183 185
184 185
184 186
185 186
185 187
186 187
186 188
187 188
187 189
188 189
188 190
189 190
189 191
190 191
190 192
190 991
191 192
191 193
192 193
192 194
193 194
193 195
194 195
194 196
195 196
195 197
196 197
196 198
197 198
197 199
198 199
198 200
199 200
199 201
200 201
200 202
200 542
200 782
201 203
202 203
202 670
203 204
203 205
204 205
204 206
205 206
205 207
206 207
206 208
207 208
207 209
207 797
208 209
209 210
209 211
210 211
210 212
210 428
211 212
211 213
211 967
212 213
212 214
213 214
214 215
214 216
215 216
215 718
216 217
216 218
217 218
217 790
218 219
218 220
219 220
219 221
220 221
220 222
221 222
221 223
222 223
222 224
223 224
223 225
224 225
224 226
225 226
225 227
225 601
226 227
226 228
227 228
227 794
228 229
228 230
229 230
229 231
230 231
230 232
231 232
231 233
232 233
232 234
232 951
233 234
233 235
234 235
234 236
235 236
235 237
236 237
236 238
237 238
237 239
238 239
238 240
239 240
240 241
240 242
241 243
241 352
242 243
242 244
243 244
243 245
244 245
244 246
245 246
245 247
246 247
246 248
247 248
247 249
248 249
248 250
249 251
249 747
250 252
251 252
251 290
252 254
252 833
253 254
253 255
254 255
254 256
255 256
255 257
256 257
256 258
257 258
258 259
258 260
258 985
259 260
259 261
260 261
260 262
261 262
261 263
262 263
262 264
263 265
263 848
264 265
264 266
265 266
265 715
266 267
266 268
266 563
267 268
267 269
268 269
268 270
269 270
269 271
269 722
270 271
270 272
271 272
271 273
272 273
272 274
272 614
273 274
273 994
274 275
274 276
275 277
275 988
275 409
275 307
276 278
276 677
277 278
277 279
278 279
278 280
279 280
279 281
280 281
280 282
281 282
281 283
281 631
281 761
282 283
282 284
283 284
283 285
284 285
284 286
285 286
285 287
286 287
286 288
287 288
287 289
288 289
288 290
289 290
289 291
290 291
290 292
291 292
291 293
291 347
292 293
292 294
293 294
293 295
294 295
294 296
295 296
295 297
296 297
296 298
296 626
297 298
297 299
298 299
298 300
299 300
299 301
300 301
300 302
301 303
302 303
302 304
303 304
303 305
304 306
304 410
304 476
305 306
305 307
306 307
306 308
307 308
307 773
308 309
308 310
309 310
309 311
310 311
310 312
311 313
312 313
312 314
313 315
313 706
314 315
314 316
315 316
315 317
315 513
316 317
316 318
317 318
317 319
318 319
318 320
319 320
319 321
320 321
320 322
321 322
321 323
322 323
322 324
323 324
323 325
324 325
324 326
325 326
325 327
326 327
326 328
327 328
327 661
327 339
327 440
328 329
328 330
329 330
330 331
330 332
331 332
331 333
332 333
332 334
333 334
333 335
334 335
334 336
335 336
335 337
336 337
336 338
337 338
337 339
338 339
338 340
339 340
339 341
340 342
340 807
341 342
341 343
342 343
342 344
343 344
343 345
344 345
344 346
345 346
345 648
346 347
346 348
347 348
348 349
348 350
349 350
349 351
350 351
350 352
351 353
351 978
352 353
352 354
353 354
353 355
354 547
354 536
355 356
355 357
356 357
356 358
357 358
357 359
358 359
358 360
358 771
359 360
359 883
359 392
360 361
360 964
361 362
361 363
362 363
362 364
363 364
363 365
364 365
364 366
365 367
365 559
366 367
366 368
367 368
367 369
368 369
368 370
369 370
369 371
370 371
370 372
371 372
371 373
372 373
372 374
373 374
373 375
374 375
374 376
375 376
375 377
376 377
376 378
377 378
377 379
378 379
378 380
379 380
379 381
380 381
380 382
381 382
381 383
382 384
382 780
383 384
383 385
384 385
384 386
385 386
385 387
385 666
386 387
386 388
387 388
387 389
388 389
388 936
389 390
389 391
390 391
390 777
391 392
391 393
392 393
392 394
393 394
393 395
394 396
394 910
395 396
395 397
396 397
397 398
397 399
398 399
398 750
399 400
399 401
400 401
400 659
401 402
401 403
402 403
402 404
403 404
403 405
403 928
404 405
404 406
405 406
405 407
406 407
406 408
407 408
407 409
408 409
408 410
409 411
410 411
410 412
411 412
411 413
412 413
412 916
412 582
413 414
413 415
413 841
414 416
414 856
415 416
415 417
416 417
416 418
417 418
417 879
418 419
418 420
419 421
420 421
420 422
421 423
421 570
422 423
422 424
423 424
423 425
424 425
424 426
425 426
425 427
426 427
426 428
426 983
427 428
427 429
428 430
429 431
429 484
430 431
430 432
431 432
431 433
432 433
432 434
432 558
433 434
433 435
434 435
434 436
435 436
435 437
436 437
436 438
437 438
437 439
438 439
438 440
439 440
439 441
440 441
441 442
441 443
442 443
442 444
443 444
443 445
444 445
444 446
444 924
445 446
445 447
446 447
446 448
447 448
447 449
448 449
448 450
449 450
449 451
450 451
450 452
451 452
452 453
452 454
453 454
453 455
454 455
454 456
455 456
455 457
456 457
456 458
457 458
457 459
458 459
458 460
459 460
459 461
460 461
460 462
461 462
461 463
462 463
462 464
463 464
463 465
464 465
464 466
465 466
465 467
466 467
466 468
467 468
467 469
468 470
469 470
469 471
470 471
470 472
471 472
471 473
472 473
472 474
473 474
473 934
474 475
474 476
475 476
475 477
476 978
477 479
478 479
478 864
479 480
479 481
480 481
480 482
480 795
481 482
481 483
482 483
482 484
483 484
483 485
484 485
484 486
485 486
485 487
486 487
486 488
486 830
487 488
487 489
488 489
488 490
489 490
489 491
489 739
490 491
490 492
491 492
491 493
491 868
492 493
492 494
493 494
493 495
494 495
494 496
495 496
495 497
496 497
496 498
497 498
497 499
498 499
498 500
499 500
499 501
500 501
500 502
501 502
501 697
502 503
502 504
503 504
503 505
503 532
504 505
504 506
505 506
505 507
506 507
506 508
507 508
507 509
508 509
508 510
509 510
509 511
510 511
510 512
511 513
512 513
512 514
513 515
514 515
514 516
515 517
515 749
516 517
516 518
517 518
517 519
518 519
518 520
519 520
519 521
520 521
520 522
521 522
521 523
522 523
522 524
523 524
523 852
524 525
524 526
524 820
525 527
525 538
526 527
526 528
526 635
527 528
527 529
527 624
528 529
528 530
529 530
529 531
530 531
530 532
531 532
532 534
533 534
533 535
534 535
534 536
535 537
535 671
536 538
536 612
537 538
537 539
538 539
538 604
539 540
539 541
540 541
540 542
541 542
541 543
542 543
543 544
543 545
544 545
544 546
545 546
545 547
546 547
546 548
547 548
547 549
548 549
548 550
549 550
549 551
550 551
550 552
551 552
551 831
552 553
553 554
553 555
554 555
554 556
555 556
555 557
556 557
556 558
557 558
557 559
558 560
559 560
559 561
560 561
560 562
561 562
561 563
562 563
562 564
563 565
564 565
564 566
565 566
565 567
566 567
566 568
567 568
567 569
568 569
568 570
569 570
569 571
570 571
570 572
571 572
571 573
571 579
572 574
572 894
573 574
573 575
574 575
574 576
575 576
575 577
576 577
576 578
577 579
577 947
578 579
578 580
579 581
580 581
581 582
581 583
582 583
582 588
583 584
583 585
583 992
584 585
584 586
585 586
585 587
586 587
586 588
586 635
587 588
587 589
588 590
589 590
589 591
590 591
590 592
591 592
591 593
592 593
592 594
593 594
593 595
594 595
594 596
595 596
595 597
596 597
596 598
597 598
597 599
597 754
598 599
598 600
599 600
599 601
600 601
600 602
601 603
602 603
602 604
603 604
603 605
604 605
604 606
605 606
605 607
606 607
606 608
607 608
607 609
608 609
608 610
609 610
609 611
610 611
610 612
611 612
611 613
612 613
612 614
613 614
613 615
614 616
615 616
615 617
616 617
616 618
617 618
617 619
618 619
618 620
619 620
619 621
620 621
620 622
621 622
621 623
622 623
622 624
623 624
623 625
624 626
625 626
625 627
626 628
627 628
627 629
628 629
629 630
629 631
630 631
630 632
631 633
632 633
632 948
633 634
633 635
634 635
634 636
636 637
636 638
637 638
637 639
637 722
638 639
638 640
639 640
639 641
640 641
640 642
641 642
641 643
642 643
642 644
643 644
643 645
643 778
644 645
644 646
645 646
645 647
646 647
646 648
647 648
647 649
648 650
648 732
649 650
649 651
650 651
650 652
651 652
651 653
652 653
652 654
653 654
653 655
654 655
654 656
655 656
655 657
656 657
656 658
657 658
657 659
658 659
658 660
659 660
659 661
660 661
660 662
661 663
662 663
662 664
663 664
663 665
664 665
664 666
665 666
665 667
666 668
667 668
667 669
668 669
668 670
669 670
669 671
670 671
670 672
671 672
671 673
672 673
672 674
673 674
673 675
674 675
674 676
675 676
675 677
676 678
676 878
677 678
677 724
678 679
678 680
679 680
679 681
680 681
680 682
681 682
681 683
682 683
682 684
683 684
683 685
684 685
684 686
685 686
685 687
686 688
686 867
687 688
687 689
688 690
688 847
689 690
689 691
690 691
690 692
691 692
691 693
692 693
692 694
693 694
693 695
694 695
694 696
695 696
695 697
696 697
696 698
697 698
697 699
698 699
698 700
699 701
700 701
700 702
701 702
701 703
702 703
702 704
703 704
703 705
704 705
704 706
705 706
705 707
706 707
706 708
707 708
707 709
708 709
708 710
709 710
709 711
710 711
710 712
711 712
711 713
712 713
712 714
712 774
713 714
713 715
714 715
714 716
715 716
715 717
716 717
716 718
717 718
717 719
718 719
718 720
719 720
719 721
720 721
720 722
721 723
721 756
722 789
723 724
723 725
724 725
724 726
725 726
725 727
726 727
726 728
727 729
727 761
728 729
728 730
729 730
730 731
730 732
731 732
731 733
732 734
733 734
733 735
734 735
734 736
735 736
735 737
736 737
736 738
737 738
737 739
738 739
738 740
739 741
740 741
740 742
741 742
741 743
742 744
743 744
743 745
744 745
744 746
745 746
745 747
746 747
746 748
747 749
747 914
748 749
748 750
749 750
749 751
750 751
750 752
751 752
751 753
752 753
752 754
753 755
753 835
754 756
755 756
755 757
756 757
756 758
757 759
757 850
757 860
758 759
758 760
759 760
759 761
760 761
760 762
761 763
762 763
762 764
763 764
763 765
764 765
764 766
765 767
765 785
766 767
766 768
767 768
767 769
768 769
768 770
769 770
769 771
770 771
771 772
772 773
772 774
773 774
774 775
775 776
775 777
776 777
776 778
777 778
777 779
778 780
779 780
779 781
780 781
780 782
781 782
781 783
782 783
783 784
783 785
784 785
784 786
785 787
786 788
786 859
787 788
787 789
787 830
788 789
788 790
789 791
790 791
790 792
791 792
791 793
791 968
792 793
792 794
793 794
793 795
794 795
794 796
795 797
796 797
796 798
797 799
798 799
798 800
799 800
799 801
800 801
800 802
801 802
801 803
802 803
802 804
803 804
803 805
804 805
804 806
805 806
805 807
806 807
806 808
807 808
807 809
808 809
808 810
809 810
809 811
809 987
810 811
810 812
811 812
811 813
812 813
812 814
813 814
813 815
814 815
814 816
815 816
815 817
816 817
816 818
817 818
817 819
818 819
818 820
819 820
819 821
820 822
821 822
821 823
822 823
822 824
823 824
823 825
824 825
824 826
825 826
825 827
826 827
826 828
827 828
827 829
828 829
828 888
829 830
829 831
831 832
831 833
832 833
832 834
833 834
833 835
834 835
834 836
835 836
835 837
836 837
836 838
837 838
837 839
838 839
838 840
839 840
839 841
840 841
840 842
841 843
842 843
842 844
843 844
843 845
844 845
844 846
845 846
845 847
846 848
847 848
847 849
848 849
848 850
849 850
849 851
850 851
850 852
851 852
851 853
852 853
852 854
853 854
853 855
854 855
854 856
855 856
855 857
856 857
856 858
857 858
857 859
858 859
858 860
859 860
859 861
860 861
861 862
861 863
862 863
862 864
863 864
863 865
864 865
864 866
865 866
865 867
866 867
866 868
867 868
867 869
868 869
869 870
869 871
870 871
870 872
871 872
871 873
872 873
872 874
873 874
873 875
874 875
874 876
875 876
875 877
876 877
877 878
877 879
878 879
878 880
879 880
879 881
880 881
880 882
881 882
881 883
882 883
882 884
883 885
884 885
884 886
885 887
886 887
886 888
887 888
887 889
888 889
888 890
889 891
889 895
890 891
890 892
891 892
891 893
892 893
892 894
893 894
893 895
894 895
894 896
895 896
895 897
896 897
896 898
897 898
897 899
898 899
898 900
899 900
899 901
900 901
900 902
901 902
901 903
902 903
902 904
903 904
903 905
904 905
904 906
905 906
905 907
906 907
906 908
907 908
907 909
908 909
908 910
909 910
909 911
910 911
910 912
911 912
911 913
912 913
912 914
913 914
913 915
914 915
914 916
915 916
915 917
916 917
916 918
917 918
917 919
918 919
918 920
919 920
919 921
920 921
920 922
921 922
921 923
922 923
922 924
923 924
923 925
924 925
925 926
925 927
926 927
926 928
927 928
927 929
928 930
929 930
929 931
930 931
930 932
931 932
931 933
932 933
932 934
933 934
933 935
934 935
934 936
935 936
935 937
936 937
936 938
937 938
937 939
938 939
938 940
939 940
939 941
940 941
940 942
941 942
941 943
942 943
942 944
943 944
943 945
944 945
944 946
945 946
945 947
946 947
946 948
947 948
947 949
948 949
948 950
949 950
949 951
950 951
950 952
951 953
952 953
952 954
953 954
953 955
954 955
955 956
955 957
956 957
956 958
957 958
957 959
958 959
958 960
959 960
959 961
960 961
960 962
961 962
961 963
962 963
962 964
963 964
963 965
964 965
964 966
965 966
965 967
966 967
966 968
968 969
969 970
969 971
970 971
970 972
971 972
971 973
972 973
972 974
973 974
973 975
974 975
974 976
975 976
975 977
976 977
976 978
977 978
977 979
978 979
978 980
979 980
979 981
980 981
980 982
981 982
981 983
982 983
982 984
983 984
984 985
984 986
986 987
986 988
987 988
988 989
988 990
989 990
989 991
990 991
990 992
991 992
992 994
993 994
993 995
994 995
994 996
995 996
995 997
996 997
996 998
997 998
997 999
998 999
