0 49
0 2
0 48
0 33
1 3
1 49
1 4
2 3
2 4
2 7
3 4
3 5
4 5
4 6
5 7
5 20
6 7
6 8
7 8
8 9
8 10
8 19
8 30
9 10
9 11
10 11
10 45
10 19
10 33
11 12
11 13
12 13
12 14
13 14
13 15
14 15
14 16
14 34
15 16
15 17
16 18
16 33
17 18
17 19
18 20
18 42
20 21
20 22
21 22
21 23
22 23
22 24
23 24
23 25
24 25
24 26
25 26
25 27
26 28
26 31
27 28
27 29
28 29
28 30
29 30
29 31
30 32
31 32
31 41
32 33
32 34
33 34
34 36
35 36
35 37
35 44
36 37
36 38
37 38
37 39
37 48
38 39
38 40
38 41
39 40
39 41
40 41
40 42
41 43
42 43
42 44
43 44
43 45
44 45
45 46
45 47
46 47
46 48
47 48
47 49
