13 0
8454 1
16402 2
18081 3
20000 4
20913 5
22417 6
19 7
17607 8
22 9
5785 10
24986 11
27 12
467 13
1913 14
4934 15
8175 16
12550 17
13525 18
17420 19
19471 20
21346 21
22872 22
25172 23
55 24
3078 25
3298 26
8247 27
14096 28
57 29
12582 30
65 31
18561 32
20388 33
73 34
123 35
1107 36
1143 37
1299 38
1697 39
1960 40
2057 41
2646 42
2968 43
3768 44
4218 45
5450 46
5662 47
6247 48
6962 49
7772 50
8295 51
8879 52
12087 53
12591 54
14643 55
18309 56
20270 57
21619 58
22612 59
22895 60
23478 61
75 62
1200 63
7504 64
96 65
639 66
3059 67
3306 68
5078 69
6886 70
7345 71
8066 72
9229 73
11154 74
11339 75
12184 76
12584 77
14248 78
15210 79
18724 80
19279 81
21555 82
22494 83
23320 84
23895 85
24175 86
24263 87
98 88
97 89
1239 90
3239 91
3666 92
5366 93
8786 94
10707 95
10935 96
12933 97
14408 98
14434 99
19576 100
21752 101
22521 102
23733 103
116 104
13934 105
118 106
1516 107
15847 108
121 109
18855 110
127 111
1767 112
137 113
2781 114
138 115
22588 116
144 117
12459 118
17381 119
154 120
5456 121
6034 122
6190 123
16386 124
16935 125
17682 126
17835 127
20867 128
23003 129
156 130
3225 131
165 132
1341 133
9261 134
166 135
650 136
174 137
604 138
4381 139
16445 140
21561 141
21783 142
23323 143
24360 144
175 145
1871 146
3326 147
13403 148
15544 149
21730 150
22692 151
187 152
641 153
4048 154
10509 155
212 156
4613 157
7436 158
23718 159
213 160
22240 161
216 162
220 163
5542 164
221 165
15710 166
229 167
353 168
6555 169
11863 170
12318 171
18369 172
19867 173
230 174
22642 175
236 176
13441 177
255 178
2617 179
2650 180
256 181
10132 182
11880 183
263 184
9547 185
18377 186
22267 187
274 188
11405 189
279 190
4770 191
12692 192
13712 193
24337 194
287 195
4667 196
293 197
967 198
304 199
12837 200
15489 201
326 202
1828 203
2101 204
2890 205
4780 206
5129 207
5633 208
6791 209
7999 210
8239 211
8683 212
10050 213
10211 214
10292 215
11250 216
11922 217
12403 218
13115 219
13201 220
13415 221
14355 222
16630 223
16667 224
16828 225
17854 226
18383 227
18888 228
20267 229
21205 230
21942 231
22773 232
23069 233
23422 234
23959 235
24743 236
337 237
13761 238
342 239
5171 240
8021 241
361 242
364 243
21725 244
372 245
23569 246
376 247
559 248
1362 249
4261 250
5998 251
6205 252
7713 253
11797 254
11872 255
12888 256
15297 257
15833 258
16743 259
18384 260
19527 261
20601 262
20712 263
21161 264
21648 265
21908 266
23051 267
23809 268
24293 269
24590 270
377 271
994 272
3260 273
5459 274
6716 275
10095 276
11170 277
11304 278
14891 279
18327 280
19524 281
19677 282
20723 283
22281 284
22432 285
24788 286
400 287
16473 288
407 289
408 290
2584 291
12429 292
19269 293
19992 294
410 295
6707 296
10020 297
23973 298
412 299
5528 300
9919 301
414 302
9283 303
426 304
4482 305
433 306
7592 307
17333 308
451 309
6404 310
11947 311
2573 312
5884 313
5974 314
6337 315
12338 316
12365 317
14670 318
18746 319
19843 320
24466 321
24879 322
473 323
474 324
476 325
24428 326
480 327
12159 328
19035 329
484 330
20433 331
21784 332
505 333
1177 334
511 335
12621 336
517 337
525 338
16972 339
21014 340
527 341
12724 342
20245 343
529 344
532 345
1109 346
1206 347
2481 348
8117 349
17289 350
21044 351
22460 352
24784 353
534 354
3506 355
3835 356
5791 357
6338 358
12841 359
17158 360
18250 361
18621 362
18871 363
536 364
543 365
14831 366
548 367
23717 368
556 369
3114 370
7738 371
12783 372
13358 373
18691 374
21240 375
24597 376
576 377
4993 378
15473 379
23920 380
579 381
1528 382
5803 383
8501 384
16205 385
24186 386
24587 387
584 388
19256 389
585 390
1492 391
599 392
8084 393
601 394
18587 395
1160 396
1862 397
4439 398
4493 399
7204 400
9391 401
9439 402
10319 403
12989 404
13947 405
14130 406
14647 407
15038 408
16789 409
17259 410
21302 411
23031 412
23729 413
24118 414
24328 415
24974 416
607 417
18251 418
608 419
610 420
14777 421
617 422
13933 423
624 424
627 425
628 426
629 427
1512 428
5424 429
5548 430
6853 431
16931 432
22163 433
714 434
2856 435
4454 436
8367 437
10079 438
12320 439
12646 440
12675 441
17657 442
18146 443
18796 444
20168 445
20427 446
21428 447
24780 448
25048 449
644 450
2302 451
14949 452
19190 453
21086 454
646 455
1685 456
9526 457
10494 458
15091 459
6431 460
9101 461
10775 462
11023 463
12759 464
13844 465
15187 466
16699 467
660 468
22977 469
684 470
15411 471
17950 472
692 473
707 474
10336 475
12148 476
716 477
6777 478
9168 479
732 480
736 481
9083 482
743 483
7786 484
9894 485
17794 486
18990 487
749 488
752 489
6039 490
10512 491
11336 492
17085 493
757 494
1739 495
2348 496
3716 497
6944 498
7563 499
8656 500
8917 501
15521 502
15531 503
18106 504
21078 505
21868 506
21895 507
22078 508
23655 509
761 510
1364 511
2221 512
3364 513
4420 514
4640 515
4707 516
5144 517
6797 518
8982 519
9653 520
9741 521
10400 522
11962 523
12666 524
12832 525
13317 526
13469 527
13689 528
13963 529
15178 530
15722 531
16140 532
16427 533
16579 534
18061 535
18114 536
18627 537
18733 538
18775 539
20113 540
21621 541
22036 542
22314 543
24020 544
24332 545
24585 546
24602 547
778 548
15880 549
20325 550
21493 551
784 552
788 553
795 554
9237 555
13633 556
806 557
11252 558
807 559
22730 560
810 561
11253 562
12043 563
12990 564
15353 565
22543 566
24540 567
820 568
4126 569
8546 570
13527 571
20173 572
21887 573
23025 574
23390 575
822 576
829 577
19915 578
21108 579
837 580
843 581
18612 582
846 583
3125 584
8242 585
10924 586
11177 587
11723 588
12525 589
14910 590
15953 591
16660 592
20076 593
22777 594
23241 595
23974 596
856 597
858 598
2699 599
4161 600
8419 601
9262 602
9647 603
11744 604
12236 605
15493 606
19659 607
22017 608
23870 609
24735 610
860 611
2996 612
21657 613
871 614
13702 615
23237 616
875 617
878 618
1251 619
2333 620
2517 621
2530 622
2631 623
2983 624
3636 625
6259 626
7327 627
7954 628
9688 629
10143 630
11846 631
12104 632
12590 633
12886 634
13599 635
14244 636
14619 637
15094 638
15924 639
16052 640
16544 641
17166 642
18576 643
19000 644
19130 645
20080 646
20220 647
22451 648
22979 649
23696 650
24003 651
24596 652
24643 653
25086 654
894 655
903 656
6097 657
904 658
906 659
3287 660
914 661
6000 662
12139 663
917 664
10271 665
961 666
1141 667
1564 668
1974 669
4940 670
5970 671
5982 672
8934 673
9157 674
9182 675
9572 676
9717 677
10088 678
12244 679
13004 680
13012 681
13470 682
14437 683
14795 684
15134 685
15559 686
15981 687
18242 688
18607 689
19849 690
21136 691
21192 692
22031 693
24313 694
24400 695
24909 696
995 697
1012 698
1885 699
3517 700
11394 701
13023 702
14755 703
17510 704
17608 705
23652 706
1023 707
1037 708
1038 709
1969 710
2879 711
5187 712
5465 713
6913 714
7911 715
18814 716
19531 717
19959 718
20283 719
21221 720
24182 721
1041 722
3055 723
4281 724
4509 725
5738 726
6150 727
7483 728
7637 729
7810 730
19612 731
19876 732
20499 733
22874 734
1055 735
8749 736
1076 737
659 738
1088 739
4763 740
1100 741
15513 742
19068 743
1103 744
17815 745
4670 746
13056 747
1117 748
1128 749
1129 750
13095 751
1136 752
4775 753
22873 754
1144 755
10517 756
11550 757
16269 758
22598 759
23551 760
1148 761
21577 762
1156 763
15051 764
23535 765
1168 766
1175 767
1422 768
1182 769
11270 770
1189 771
8092 772
12817 773
20154 774
1205 775
5824 776
1208 777
1209 778
1211 779
1234 780
9619 781
1237 782
1295 783
1238 784
1243 785
11549 786
21946 787
1244 788
16578 789
11489 790
1259 791
14637 792
1269 793
1272 794
17087 795
1279 796
13031 797
21316 798
24000 799
1289 800
1301 801
3319 802
4796 803
6045 804
7910 805
8273 806
8612 807
10508 808
13682 809
14190 810
20470 811
22214 812
1307 813
12350 814
1332 815
11812 816
1339 817
18473 818
1340 819
1348 820
1749 821
1352 822
1783 823
3722 824
12874 825
13572 826
15443 827
17023 828
18957 829
19669 830
1356 831
9457 832
12771 833
19356 834
19509 835
2621 836
14149 837
14279 838
21864 839
1370 840
15776 841
1397 842
1399 843
1403 844
10953 845
1405 846
1411 847
1375 848
1415 849
7326 850
3421 851
5667 852
8956 853
10073 854
13106 855
13276 856
20484 857
24206 858
24545 859
1432 860
3514 861
9345 862
16323 863
1434 864
11663 865
1437 866
12469 867
1449 868
10714 869
1475 870
1482 871
6847 872
16478 873
17973 874
1500 875
8148 876
4005 877
20098 878
3452 879
1530 880
1895 881
3004 882
3216 883
5771 884
6361 885
7308 886
7902 887
8309 888
8386 889
10569 890
11465 891
11473 892
12035 893
12761 894
13234 895
14212 896
16147 897
17060 898
17287 899
17347 900
18041 901
18720 902
23213 903
23329 904
24494 905
1539 906
1551 907
11537 908
1557 909
3294 910
3841 911
24088 912
1560 913
1561 914
24855 915
6664 916
10666 917
1566 918
11305 919
1591 920
25205 921
1595 922
1599 923
1607 924
1712 925
1722 926
1734 927
1740 928
8451 929
17988 930
8283 931
13299 932
16064 933
17283 934
18616 935
19721 936
21548 937
21969 938
23041 939
1742 940
3170 941
1747 942
4740 943
1762 944
4031 945
4056 946
7255 947
14694 948
17112 949
17856 950
20133 951
1793 952
4032 953
5531 954
5677 955
6053 956
6055 957
6322 958
6814 959
7290 960
7671 961
8113 962
10154 963
10607 964
11002 965
11712 966
12651 967
13225 968
13808 969
14595 970
14719 971
15105 972
15355 973
15557 974
15733 975
16482 976
16559 977
16744 978
17088 979
17624 980
17859 981
17964 982
18321 983
19230 984
19233 985
20623 986
20717 987
20876 988
21008 989
22336 990
23261 991
23755 992
24525 993
24999 994
1772 995
6518 996
1773 997
1782 998
10431 999
23075 1000
1784 1001
5467 1002
13487 1003
13676 1004
15228 1005
18340 1006
1787 1007
1790 1008
3481 1009
5394 1010
7922 1011
9180 1012
10379 1013
10381 1014
11920 1015
12324 1016
16454 1017
19249 1018
22080 1019
24193 1020
1812 1021
17503 1022
18923 1023
1814 1024
1824 1025
11090 1026
9865 1027
1833 1028
3519 1029
5968 1030
10820 1031
11759 1032
11934 1033
13905 1034
16486 1035
19975 1036
23490 1037
1836 1038
1837 1039
1857 1040
3890 1041
1630 1042
3024 1043
8376 1044
8864 1045
10346 1046
10602 1047
16994 1048
19115 1049
21538 1050
5715 1051
5829 1052
17752 1053
19330 1054
7072 1055
10310 1056
14398 1057
17868 1058
1905 1059
16391 1060
17658 1061
1910 1062
3803 1063
4764 1064
11028 1065
14382 1066
16692 1067
17000 1068
17244 1069
17388 1070
18085 1071
18392 1072
20252 1073
21306 1074
24359 1075
15440 1076
17130 1077
17397 1078
22282 1079
1922 1080
1924 1081
1925 1082
1928 1083
1929 1084
1939 1085
1943 1086
1951 1087
1962 1088
1963 1089
1966 1090
380 1091
2985 1092
4268 1093
4395 1094
4649 1095
10104 1096
10759 1097
10885 1098
10978 1099
11868 1100
13340 1101
15111 1102
15997 1103
17492 1104
19747 1105
24192 1106
24589 1107
1971 1108
1977 1109
2972 1110
21434 1111
1983 1112
1987 1113
2011 1114
2015 1115
6773 1116
2018 1117
11308 1118
2031 1119
2039 1120
18067 1121
2044 1122
24738 1123
2055 1124
9331 1125
2068 1126
2077 1127
2079 1128
3807 1129
8888 1130
2087 1131
2111 1132
2227 1133
2234 1134
6641 1135
6702 1136
8765 1137
9940 1138
11100 1139
11442 1140
11478 1141
12641 1142
14196 1143
14557 1144
15477 1145
16803 1146
18445 1147
18815 1148
19839 1149
21750 1150
22242 1151
22877 1152
2089 1153
9753 1154
24454 1155
2098 1156
19667 1157
11206 1158
2106 1159
5239 1160
4616 1161
2136 1162
9077 1163
17707 1164
18810 1165
2152 1166
2176 1167
2189 1168
21528 1169
2191 1170
12290 1171
2195 1172
2207 1173
9306 1174
10523 1175
16594 1176
17866 1177
2208 1178
21833 1179
2214 1180
5849 1181
9108 1182
22960 1183
2244 1184
10481 1185
12000 1186
12405 1187
24124 1188
2246 1189
24657 1190
2248 1191
19178 1192
2255 1193
7566 1194
9394 1195
16261 1196
22274 1197
24073 1198
2259 1199
3870 1200
4370 1201
16316 1202
2267 1203
16296 1204
2271 1205
2279 1206
2288 1207
2291 1208
1764 1209
2669 1210
7214 1211
10171 1212
10557 1213
12673 1214
14460 1215
20923 1216
22584 1217
24684 1218
2305 1219
2320 1220
2324 1221
17777 1222
2326 1223
9105 1224
9131 1225
17592 1226
2330 1227
4905 1228
3000 1229
3032 1230
3558 1231
4172 1232
4204 1233
4450 1234
4715 1235
5050 1236
5875 1237
6710 1238
6737 1239
6879 1240
8519 1241
11271 1242
11438 1243
13097 1244
13927 1245
15691 1246
16359 1247
16683 1248
17427 1249
18466 1250
20897 1251
24746 1252
2340 1253
10873 1254
2346 1255
2557 1256
6421 1257
2363 1258
8282 1259
15266 1260
19902 1261
2377 1262
15689 1263
2385 1264
3106 1265
19066 1266
2387 1267
17997 1268
2390 1269
2394 1270
12231 1271
2454 1272
2457 1273
3797 1274
19824 1275
2464 1276
23859 1277
2471 1278
370 1279
2502 1280
2509 1281
9173 1282
12446 1283
18132 1284
21275 1285
23239 1286
24292 1287
2533 1288
12922 1289
19949 1290
24851 1291
2523 1292
6859 1293
2529 1294
2538 1295
14091 1296
24453 1297
2549 1298
8903 1299
2554 1300
18346 1301
18478 1302
24698 1303
2561 1304
14315 1305
2565 1306
9403 1307
24682 1308
2576 1309
11813 1310
12746 1311
18190 1312
7316 1313
11536 1314
13214 1315
2599 1316
2607 1317
4360 1318
2612 1319
2881 1320
4503 1321
4758 1322
4760 1323
5361 1324
6133 1325
8642 1326
10102 1327
11534 1328
14167 1329
14284 1330
14872 1331
15158 1332
15610 1333
16347 1334
16538 1335
16602 1336
16961 1337
17079 1338
18831 1339
21063 1340
23692 1341
24386 1342
24706 1343
25049 1344
25100 1345
1888 1346
13058 1347
2630 1348
2634 1349
10068 1350
2637 1351
12794 1352
3776 1353
5510 1354
6506 1355
7015 1356
7371 1357
12064 1358
12380 1359
16157 1360
23519 1361
5664 1362
8257 1363
8969 1364
10155 1365
11386 1366
12048 1367
13210 1368
14062 1369
14671 1370
18266 1371
18628 1372
21168 1373
22522 1374
23246 1375
24162 1376
25171 1377
2675 1378
2676 1379
9018 1380
10274 1381
11008 1382
15965 1383
16025 1384
20625 1385
22275 1386
2681 1387
15964 1388
16152 1389
2689 1390
2696 1391
486 1392
2701 1393
1377 1394
8362 1395
23982 1396
24095 1397
2706 1398
2711 1399
2717 1400
2743 1401
2754 1402
3961 1403
2758 1404
2772 1405
11985 1406
2775 1407
7762 1408
23744 1409
2783 1410
5628 1411
8133 1412
9763 1413
17517 1414
19968 1415
24396 1416
2785 1417
2798 1418
2801 1419
24090 1420
2834 1421
24546 1422
2842 1423
3262 1424
8876 1425
23527 1426
2867 1427
7626 1428
10778 1429
2868 1430
2877 1431
2540 1432
5101 1433
18770 1434
15943 1435
2886 1436
10809 1437
11337 1438
11913 1439
13670 1440
19106 1441
2893 1442
2906 1443
2914 1444
2948 1445
25073 1446
2955 1447
2959 1448
3865 1449
12634 1450
21010 1451
2962 1452
2965 1453
16724 1454
17020 1455
2984 1456
5495 1457
6549 1458
7534 1459
7553 1460
10779 1461
11657 1462
12003 1463
12444 1464
14847 1465
16832 1466
17072 1467
17515 1468
18617 1469
20166 1470
23706 1471
17788 1472
23374 1473
3003 1474
3021 1475
3030 1476
3047 1477
3054 1478
20188 1479
4472 1480
4983 1481
8813 1482
9950 1483
17323 1484
17998 1485
21662 1486
3057 1487
9846 1488
13910 1489
14312 1490
19097 1491
19899 1492
21771 1493
3061 1494
10493 1495
11654 1496
12225 1497
20776 1498
3062 1499
5692 1500
12454 1501
12936 1502
16105 1503
16532 1504
17204 1505
17334 1506
17791 1507
17860 1508
18777 1509
20917 1510
21196 1511
3103 1512
20647 1513
15065 1514
15137 1515
17877 1516
3122 1517
19625 1518
20109 1519
24030 1520
3131 1521
3983 1522
10594 1523
11975 1524
19769 1525
3137 1526
3149 1527
16203 1528
3182 1529
3186 1530
3191 1531
3195 1532
11709 1533
12588 1534
12693 1535
3205 1536
3206 1537
3210 1538
9558 1539
18818 1540
20980 1541
22716 1542
8390 1543
3217 1544
2486 1545
5858 1546
8122 1547
12120 1548
22719 1549
22779 1550
3232 1551
3237 1552
3273 1553
3275 1554
24558 1555
3277 1556
3950 1557
5857 1558
6889 1559
6975 1560
8014 1561
8119 1562
12951 1563
15948 1564
21057 1565
3281 1566
5195 1567
16906 1568
3286 1569
16313 1570
3296 1571
1658 1572
4901 1573
5207 1574
8048 1575
12147 1576
13791 1577
14614 1578
16590 1579
16888 1580
17922 1581
18646 1582
18711 1583
18793 1584
19529 1585
20901 1586
20940 1587
20996 1588
21351 1589
22419 1590
22526 1591
23624 1592
24067 1593
3299 1594
8840 1595
8191 1596
3350 1597
3374 1598
18535 1599
20586 1600
23603 1601
3378 1602
3381 1603
3389 1604
3391 1605
13547 1606
3392 1607
10434 1608
3394 1609
9723 1610
3417 1611
12876 1612
3450 1613
3454 1614
4972 1615
3471 1616
3480 1617
19977 1618
21092 1619
3499 1620
4537 1621
8532 1622
9626 1623
9828 1624
12287 1625
14184 1626
14780 1627
15276 1628
16377 1629
17581 1630
3752 1631
5311 1632
8418 1633
13460 1634
19179 1635
19752 1636
21028 1637
23502 1638
8915 1639
22858 1640
3530 1641
3539 1642
8991 1643
3541 1644
13856 1645
23831 1646
3556 1647
10066 1648
3576 1649
13150 1650
16901 1651
3580 1652
3599 1653
3600 1654
3602 1655
3604 1656
22047 1657
3609 1658
3615 1659
12234 1660
14326 1661
22398 1662
3620 1663
3625 1664
3627 1665
6215 1666
21796 1667
3655 1668
13590 1669
3661 1670
14392 1671
3667 1672
3668 1673
13784 1674
3682 1675
11571 1676
3733 1677
11111 1678
11283 1679
17825 1680
21835 1681
3742 1682
3433 1683
4177 1684
19597 1685
3753 1686
17052 1687
21200 1688
3758 1689
3762 1690
3763 1691
6742 1692
18386 1693
5841 1694
3778 1695
3784 1696
14903 1697
1448 1698
2838 1699
5560 1700
6633 1701
6978 1702
7456 1703
9552 1704
9617 1705
10221 1706
11399 1707
13891 1708
14257 1709
14525 1710
14857 1711
17285 1712
17406 1713
17808 1714
18763 1715
19045 1716
20790 1717
21566 1718
22208 1719
22613 1720
23462 1721
24884 1722
3800 1723
5451 1724
12643 1725
8685 1726
3828 1727
8310 1728
22568 1729
3832 1730
17184 1731
18364 1732
3877 1733
6310 1734
14556 1735
18046 1736
8594 1737
17168 1738
3896 1739
2821 1740
3938 1741
18830 1742
3943 1743
1309 1744
7815 1745
11533 1746
18808 1747
3975 1748
1124 1749
10478 1750
16193 1751
25010 1752
3977 1753
5168 1754
7016 1755
7454 1756
3989 1757
24072 1758
3995 1759
16725 1760
4002 1761
5048 1762
4007 1763
4008 1764
14461 1765
4019 1766
10922 1767
21093 1768
8496 1769
4453 1770
20704 1771
4051 1772
15822 1773
4068 1774
11830 1775
19720 1776
20770 1777
4096 1778
4101 1779
13413 1780
4106 1781
4112 1782
4114 1783
5666 1784
4153 1785
15390 1786
4157 1787
7222 1788
7446 1789
16181 1790
22559 1791
24766 1792
4179 1793
15836 1794
4193 1795
21259 1796
4194 1797
19342 1798
4219 1799
11296 1800
4224 1801
24529 1802
4246 1803
5493 1804
6781 1805
7273 1806
13840 1807
14175 1808
16196 1809
18043 1810
21665 1811
23221 1812
23614 1813
10544 1814
4262 1815
16676 1816
4264 1817
12689 1818
14296 1819
4272 1820
5520 1821
4292 1822
4303 1823
4358 1824
3591 1825
4363 1826
21101 1827
4365 1828
15084 1829
4372 1830
11547 1831
12988 1832
20636 1833
14385 1834
14477 1835
20354 1836
22835 1837
16572 1838
4396 1839
1359 1840
4403 1841
21643 1842
4411 1843
4412 1844
21959 1845
4418 1846
11076 1847
12055 1848
4424 1849
4427 1850
4452 1851
14406 1852
4464 1853
4467 1854
5622 1855
6573 1856
7017 1857
8647 1858
9725 1859
9899 1860
12431 1861
13174 1862
13566 1863
15294 1864
17480 1865
18918 1866
19175 1867
23661 1868
24734 1869
25066 1870
12044 1871
4486 1872
4487 1873
20522 1874
6459 1875
12963 1876
19015 1877
4502 1878
13471 1879
4505 1880
22495 1881
4511 1882
4552 1883
4557 1884
7764 1885
22125 1886
4565 1887
1642 1888
4342 1889
5681 1890
8610 1891
8936 1892
14841 1893
18480 1894
4568 1895
4573 1896
4574 1897
4578 1898
4594 1899
4599 1900
21283 1901
4605 1902
271 1903
5912 1904
8978 1905
10396 1906
18498 1907
21508 1908
22364 1909
22775 1910
10553 1911
15120 1912
4618 1913
13679 1914
18737 1915
4620 1916
4621 1917
4624 1918
4638 1919
4645 1920
4646 1921
9473 1922
10136 1923
4650 1924
20209 1925
4671 1926
6110 1927
4687 1928
24354 1929
4697 1930
23412 1931
4700 1932
4723 1933
4727 1934
4741 1935
4743 1936
16272 1937
6808 1938
8535 1939
9580 1940
15209 1941
16566 1942
18224 1943
20420 1944
5015 1945
9994 1946
14584 1947
20358 1948
17182 1949
4779 1950
15595 1951
18110 1952
21191 1953
4793 1954
4799 1955
12249 1956
4817 1957
15976 1958
4837 1959
4848 1960
4874 1961
4877 1962
4882 1963
4887 1964
4889 1965
18575 1966
4893 1967
21698 1968
4903 1969
2076 1970
4931 1971
9881 1972
20104 1973
23524 1974
4906 1975
10505 1976
13975 1977
24076 1978
7838 1979
11075 1980
4941 1981
4960 1982
17400 1983
4962 1984
5545 1985
4963 1986
15703 1987
4981 1988
5008 1989
5009 1990
5012 1991
14194 1992
5013 1993
12618 1994
23106 1995
23509 1996
5025 1997
5033 1998
5036 1999
6785 2000
17587 2001
5042 2002
3718 2003
10705 2004
11637 2005
18609 2006
21695 2007
5053 2008
5062 2009
13122 2010
5065 2011
4881 2012
9253 2013
10956 2014
12726 2015
15441 2016
16176 2017
17478 2018
18434 2019
5082 2020
5220 2021
12477 2022
5087 2023
6883 2024
16236 2025
17892 2026
6601 2027
6786 2028
10082 2029
22516 2030
5132 2031
5143 2032
5153 2033
9802 2034
5166 2035
5170 2036
22643 2037
24989 2038
17330 2039
5173 2040
19661 2041
20726 2042
5223 2043
1010 2044
10168 2045
17316 2046
19495 2047
5248 2048
5261 2049
5267 2050
5272 2051
5274 2052
5276 2053
5286 2054
16485 2055
5298 2056
5299 2057
5306 2058
5325 2059
5326 2060
5342 2061
5392 2062
5415 2063
5423 2064
15887 2065
19067 2066
19274 2067
5425 2068
25144 2069
5440 2070
23202 2071
5452 2072
7569 2073
6280 2074
13108 2075
24595 2076
5468 2077
9213 2078
15002 2079
21757 2080
5483 2081
23589 2082
5486 2083
16407 2084
5507 2085
20395 2086
21199 2087
5516 2088
5525 2089
20001 2090
7550 2091
5547 2092
13447 2093
19821 2094
5549 2095
20471 2096
5574 2097
5577 2098
5592 2099
5599 2100
18231 2101
5606 2102
5610 2103
5615 2104
5630 2105
5636 2106
5651 2107
5700 2108
24050 2109
5705 2110
5706 2111
1069 2112
1317 2113
9072 2114
9246 2115
11799 2116
12243 2117
12896 2118
17096 2119
17302 2120
20930 2121
24579 2122
24826 2123
5708 2124
21394 2125
5718 2126
13466 2127
16974 2128
5722 2129
5723 2130
5736 2131
5806 2132
10742 2133
5745 2134
5751 2135
9983 2136
5754 2137
1507 2138
4252 2139
5776 2140
5780 2141
5784 2142
5787 2143
5798 2144
5830 2145
15522 2146
5832 2147
18669 2148
5840 2149
11370 2150
21681 2151
5862 2152
5864 2153
2700 2154
5865 2155
19589 2156
5868 2157
5905 2158
5280 2159
12345 2160
17540 2161
5922 2162
22975 2163
5942 2164
5944 2165
5948 2166
5977 2167
5987 2168
18820 2169
13281 2170
21840 2171
6004 2172
6011 2173
13123 2174
14094 2175
14739 2176
17126 2177
22970 2178
23233 2179
6036 2180
13612 2181
18902 2182
23708 2183
6064 2184
3449 2185
6081 2186
6090 2187
7975 2188
23310 2189
6134 2190
12566 2191
6146 2192
6189 2193
406 2194
8124 2195
9735 2196
9904 2197
10882 2198
11359 2199
11467 2200
11984 2201
13655 2202
17699 2203
19247 2204
21263 2205
22705 2206
23096 2207
6201 2208
6224 2209
13652 2210
17058 2211
6228 2212
6238 2213
13372 2214
6249 2215
23312 2216
6270 2217
6276 2218
18121 2219
21401 2220
6291 2221
6292 2222
19324 2223
21482 2224
6295 2225
6306 2226
5702 2227
16200 2228
11516 2229
6349 2230
6352 2231
6367 2232
10609 2233
6371 2234
6372 2235
7616 2236
10236 2237
6377 2238
24786 2239
6385 2240
6394 2241
6395 2242
24047 2243
6406 2244
6412 2245
2656 2246
22683 2247
6416 2248
14359 2249
6422 2250
6435 2251
6436 2252
8568 2253
18861 2254
19611 2255
22251 2256
6453 2257
9935 2258
16730 2259
6458 2260
1795 2261
9537 2262
16260 2263
20254 2264
6465 2265
19865 2266
6474 2267
6488 2268
6496 2269
9759 2270
11728 2271
16112 2272
6504 2273
15971 2274
19168 2275
6508 2276
6524 2277
6528 2278
6529 2279
17828 2280
6531 2281
21850 2282
6535 2283
13513 2284
6542 2285
6545 2286
6556 2287
6562 2288
7201 2289
25054 2290
14320 2291
6580 2292
8981 2293
14065 2294
21591 2295
6600 2296
4017 2297
6613 2298
6639 2299
21890 2300
6654 2301
6658 2302
6659 2303
15368 2304
6692 2305
6699 2306
22666 2307
6709 2308
6726 2309
6379 2310
15590 2311
9907 2312
6746 2313
9775 2314
6747 2315
18718 2316
6749 2317
6763 2318
6767 2319
16256 2320
6770 2321
6774 2322
13821 2323
16497 2324
16963 2325
6784 2326
8823 2327
13651 2328
6790 2329
7259 2330
5593 2331
18418 2332
18997 2333
23410 2334
6795 2335
6798 2336
6805 2337
6811 2338
23507 2339
6816 2340
8583 2341
6817 2342
20448 2343
6828 2344
4043 2345
7096 2346
6829 2347
6831 2348
8162 2349
16271 2350
19402 2351
20651 2352
6843 2353
9086 2354
6862 2355
6863 2356
6873 2357
4310 2358
6885 2359
6902 2360
20342 2361
6959 2362
23494 2363
6976 2364
6982 2365
6993 2366
6997 2367
7625 2368
7006 2369
7038 2370
8054 2371
7040 2372
11362 2373
7052 2374
7055 2375
7063 2376
7066 2377
21068 2378
7083 2379
7109 2380
7114 2381
7151 2382
7152 2383
3577 2384
7156 2385
7161 2386
258 2387
7172 2388
8536 2389
24535 2390
7179 2391
12677 2392
7184 2393
3802 2394
5393 2395
12613 2396
18072 2397
20713 2398
7188 2399
7190 2400
7228 2401
7254 2402
24007 2403
7282 2404
7283 2405
7285 2406
9185 2407
10631 2408
21144 2409
7300 2410
12256 2411
7302 2412
7306 2413
24222 2414
24538 2415
7325 2416
7328 2417
7330 2418
10618 2419
11195 2420
19042 2421
21562 2422
7337 2423
7340 2424
21988 2425
7366 2426
11633 2427
11860 2428
7390 2429
7403 2430
21066 2431
7470 2432
10039 2433
16208 2434
7472 2435
7477 2436
14319 2437
15174 2438
15810 2439
21524 2440
7484 2441
19055 2442
7503 2443
3380 2444
22823 2445
7505 2446
10214 2447
7511 2448
7522 2449
12902 2450
7597 2451
7538 2452
23837 2453
21922 2454
7576 2455
7586 2456
23212 2457
7609 2458
20339 2459
7610 2460
7613 2461
7624 2462
6432 2463
18393 2464
7631 2465
7653 2466
7656 2467
13726 2468
7675 2469
7694 2470
7796 2471
8814 2472
10694 2473
10964 2474
13289 2475
14914 2476
16146 2477
17171 2478
17911 2479
21392 2480
23225 2481
24612 2482
2303 2483
7743 2484
7753 2485
378 2486
8964 2487
18566 2488
21193 2489
7765 2490
7771 2491
8333 2492
7776 2493
7781 2494
8380 2495
20039 2496
7801 2497
7806 2498
7811 2499
7818 2500
7823 2501
7827 2502
7830 2503
7835 2504
14873 2505
12271 2506
23986 2507
7873 2508
7876 2509
15494 2510
16199 2511
23719 2512
7893 2513
15736 2514
7919 2515
7921 2516
11049 2517
363 2518
7927 2519
7944 2520
7976 2521
7991 2522
7998 2523
5474 2524
18044 2525
946 2526
5356 2527
7604 2528
8125 2529
17148 2530
8025 2531
8030 2532
8031 2533
8032 2534
19417 2535
8038 2536
8058 2537
8059 2538
17561 2539
17371 2540
8068 2541
8075 2542
8076 2543
8077 2544
6567 2545
9955 2546
9069 2547
11244 2548
8165 2549
20008 2550
1768 2551
14089 2552
19518 2553
21691 2554
24767 2555
8181 2556
8186 2557
8199 2558
22700 2559
8201 2560
8217 2561
13481 2562
8226 2563
8229 2564
4254 2565
18345 2566
14540 2567
19033 2568
23263 2569
24314 2570
8256 2571
8271 2572
17042 2573
8291 2574
8292 2575
22569 2576
8313 2577
10928 2578
8372 2579
1469 2580
8413 2581
10071 2582
8424 2583
8440 2584
25206 2585
8459 2586
8760 2587
8461 2588
15090 2589
8470 2590
8475 2591
8485 2592
8490 2593
3814 2594
21812 2595
23045 2596
8499 2597
8891 2598
8505 2599
8509 2600
8527 2601
839 2602
8559 2603
20265 2604
21883 2605
24968 2606
8528 2607
8538 2608
8541 2609
10835 2610
8547 2611
8550 2612
14720 2613
16095 2614
8598 2615
12400 2616
8613 2617
19059 2618
8625 2619
8628 2620
8629 2621
8637 2622
4938 2623
8646 2624
8654 2625
8667 2626
14301 2627
8687 2628
8692 2629
8695 2630
8708 2631
8727 2632
8733 2633
8734 2634
10259 2635
13604 2636
19217 2637
22136 2638
8756 2639
759 2640
8758 2641
8776 2642
2981 2643
3109 2644
7450 2645
12091 2646
8779 2647
8787 2648
8798 2649
8799 2650
8803 2651
8804 2652
8808 2653
8810 2654
1489 2655
8820 2656
8830 2657
10280 2658
8844 2659
8845 2660
8847 2661
8860 2662
8868 2663
11307 2664
8869 2665
8872 2666
8880 2667
8885 2668
21418 2669
23656 2670
24033 2671
8890 2672
8895 2673
25094 2674
8778 2675
8913 2676
12430 2677
8914 2678
8949 2679
735 2680
8952 2681
16670 2682
4672 2683
8958 2684
5365 2685
10048 2686
13368 2687
16491 2688
23671 2689
8970 2690
8976 2691
3274 2692
13224 2693
9004 2694
9010 2695
9031 2696
9052 2697
9099 2698
18899 2699
21811 2700
9061 2701
9063 2702
9067 2703
9089 2704
8649 2705
12544 2706
16008 2707
21473 2708
23967 2709
24132 2710
9110 2711
22313 2712
9111 2713
9129 2714
9137 2715
15800 2716
9142 2717
9153 2718
6235 2719
9548 2720
16151 2721
16263 2722
21187 2723
22448 2724
23020 2725
24645 2726
20974 2727
13638 2728
9176 2729
9186 2730
9197 2731
9201 2732
9210 2733
9236 2734
9251 2735
9255 2736
21291 2737
9303 2738
447 2739
9217 2740
9304 2741
9308 2742
9317 2743
194 2744
265 2745
2020 2746
2594 2747
3559 2748
3670 2749
6463 2750
9484 2751
9664 2752
11229 2753
11475 2754
11752 2755
12852 2756
13767 2757
14650 2758
16895 2759
18268 2760
18867 2761
21052 2762
21888 2763
22638 2764
9333 2765
9358 2766
9360 2767
9363 2768
9374 2769
9377 2770
9385 2771
23387 2772
10539 2773
9404 2774
25145 2775
9454 2776
10415 2777
9474 2778
18194 2779
9475 2780
2179 2781
9489 2782
9507 2783
9531 2784
10851 2785
9563 2786
9583 2787
9604 2788
9631 2789
9632 2790
9693 2791
9695 2792
9705 2793
9709 2794
6323 2795
9716 2796
9760 2797
9779 2798
9795 2799
9810 2800
9812 2801
9847 2802
9855 2803
9857 2804
5433 2805
5980 2806
9721 2807
21034 2808
22150 2809
9868 2810
13764 2811
9879 2812
16525 2813
2740 2814
10482 2815
13578 2816
16361 2817
17008 2818
18463 2819
19010 2820
19436 2821
20017 2822
22472 2823
24315 2824
9905 2825
2430 2826
9169 2827
9908 2828
9926 2829
9956 2830
9963 2831
9986 2832
6149 2833
16057 2834
20799 2835
20229 2836
10000 2837
10002 2838
10004 2839
23461 2840
23821 2841
10010 2842
10030 2843
10145 2844
10031 2845
5384 2846
21995 2847
10065 2848
10077 2849
10083 2850
11793 2851
10116 2852
10118 2853
10119 2854
10121 2855
10124 2856
10125 2857
10127 2858
10498 2859
17680 2860
23325 2861
14652 2862
21509 2863
24940 2864
10164 2865
10180 2866
10182 2867
15782 2868
10212 2869
16317 2870
10217 2871
10225 2872
10229 2873
10248 2874
10252 2875
15491 2876
10261 2877
10365 2878
22434 2879
4530 2880
15252 2881
10282 2882
10286 2883
10303 2884
10304 2885
18713 2886
10344 2887
12095 2888
12496 2889
16328 2890
10356 2891
10361 2892
10420 2893
10426 2894
10889 2895
10430 2896
2648 2897
3026 2898
7879 2899
8933 2900
10457 2901
12907 2902
13268 2903
14656 2904
16604 2905
17249 2906
17893 2907
20580 2908
22120 2909
22405 2910
10440 2911
13552 2912
10444 2913
10460 2914
10464 2915
10465 2916
10466 2917
10491 2918
21429 2919
22718 2920
10985 2921
13005 2922
10499 2923
13847 2924
10507 2925
19787 2926
2677 2927
3175 2928
3398 2929
4623 2930
7169 2931
7856 2932
8022 2933
8193 2934
8644 2935
10753 2936
12203 2937
12571 2938
13032 2939
13762 2940
16714 2941
16951 2942
17299 2943
17550 2944
17654 2945
17914 2946
17921 2947
18953 2948
22290 2949
23559 2950
24059 2951
24614 2952
25069 2953
10521 2954
10176 2955
10542 2956
22721 2957
6462 2958
18799 2959
23942 2960
10552 2961
10560 2962
10573 2963
5208 2964
10575 2965
10585 2966
19737 2967
10612 2968
10613 2969
10615 2970
16668 2971
10629 2972
921 2973
4971 2974
24443 2975
10637 2976
10642 2977
18128 2978
10643 2979
10651 2980
10661 2981
10667 2982
10696 2983
4406 2984
22199 2985
10711 2986
16094 2987
10718 2988
10720 2989
10726 2990
10737 2991
21767 2992
10777 2993
10782 2994
12839 2995
10783 2996
10786 2997
15992 2998
10802 2999
18222 3000
10818 3001
6209 3002
10834 3003
10843 3004
3867 3005
10844 3006
10850 3007
10884 3008
10896 3009
13875 3010
10905 3011
1911 3012
10917 3013
22574 3014
10923 3015
20766 3016
21722 3017
23774 3018
13842 3019
10945 3020
10947 3021
10959 3022
10962 3023
11505 3024
23381 3025
11050 3026
16923 3027
11087 3028
2797 3029
9800 3030
17157 3031
11095 3032
10456 3033
12042 3034
13826 3035
11116 3036
11126 3037
11142 3038
11162 3039
16214 3040
22590 3041
11222 3042
11239 3043
11242 3044
11247 3045
13406 3046
11248 3047
10688 3048
11268 3049
11269 3050
11423 3051
12870 3052
13748 3053
13810 3054
20106 3055
22430 3056
11324 3057
11328 3058
11354 3059
11379 3060
11396 3061
11891 3062
18116 3063
19080 3064
11409 3065
11419 3066
17314 3067
11454 3068
11459 3069
11464 3070
22482 3071
11471 3072
11476 3073
11485 3074
11494 3075
11545 3076
11559 3077
11562 3078
11572 3079
11585 3080
11588 3081
11876 3082
11656 3083
21818 3084
11450 3085
11702 3086
11710 3087
11714 3088
11733 3089
11758 3090
7817 3091
11767 3092
11785 3093
16889 3094
12883 3095
15960 3096
20170 3097
11806 3098
11826 3099
14329 3100
12660 3101
13094 3102
15230 3103
16605 3104
17077 3105
17150 3106
19201 3107
20478 3108
21299 3109
21961 3110
22795 3111
11831 3112
11837 3113
11839 3114
6973 3115
12069 3116
11851 3117
12180 3118
17346 3119
8729 3120
23906 3121
21084 3122
11879 3123
6850 3124
11887 3125
20966 3126
11888 3127
11898 3128
11929 3129
11930 3130
15118 3131
12685 3132
16997 3133
19467 3134
11966 3135
12854 3136
14407 3137
19188 3138
19259 3139
11976 3140
11987 3141
12021 3142
12026 3143
20298 3144
12038 3145
12058 3146
12059 3147
9413 3148
1430 3149
17075 3150
12111 3151
12115 3152
12119 3153
12129 3154
12132 3155
3745 3156
12134 3157
12144 3158
15653 3159
12163 3160
15614 3161
12178 3162
24897 3163
12201 3164
12212 3165
18895 3166
12228 3167
23319 3168
13383 3169
12245 3170
12252 3171
12288 3172
23529 3173
12330 3174
12334 3175
12346 3176
20058 3177
12354 3178
12360 3179
20837 3180
12361 3181
12370 3182
12382 3183
14166 3184
16117 3185
12383 3186
10237 3187
12390 3188
12414 3189
12420 3190
17477 3191
10334 3192
6303 3193
19034 3194
23270 3195
12445 3196
12450 3197
9836 3198
16780 3199
24591 3200
12498 3201
12499 3202
12529 3203
12533 3204
18461 3205
12535 3206
6441 3207
9102 3208
18792 3209
12575 3210
12601 3211
12610 3212
13497 3213
12628 3214
12648 3215
12663 3216
9290 3217
17567 3218
2512 3219
2730 3220
10717 3221
14063 3222
17029 3223
17585 3224
22245 3225
18633 3226
12704 3227
12714 3228
18765 3229
20409 3230
17479 3231
12727 3232
9805 3233
12766 3234
12786 3235
12791 3236
1467 3237
17039 3238
12819 3239
12822 3240
14222 3241
12833 3242
15768 3243
12857 3244
4207 3245
12861 3246
12862 3247
9011 3248
12880 3249
12881 3250
21126 3251
12904 3252
8591 3253
41 3254
12909 3255
12911 3256
17196 3257
23783 3258
12944 3259
12972 3260
12979 3261
14771 3262
13499 3263
24119 3264
16805 3265
13006 3266
13018 3267
13025 3268
13061 3269
13074 3270
6439 3271
13098 3272
13100 3273
13101 3274
13107 3275
17431 3276
13131 3277
13141 3278
13146 3279
13175 3280
11418 3281
13206 3282
13208 3283
14277 3284
13216 3285
23127 3286
14617 3287
17734 3288
10294 3289
13243 3290
13266 3291
13269 3292
13273 3293
13291 3294
13327 3295
14317 3296
13343 3297
13354 3298
13356 3299
18599 3300
13371 3301
13389 3302
24626 3303
1982 3304
21560 3305
13442 3306
13456 3307
3472 3308
13463 3309
13484 3310
1588 3311
23121 3312
13486 3313
20379 3314
13498 3315
11292 3316
21877 3317
13509 3318
2202 3319
13519 3320
1571 3321
13544 3322
17351 3323
13562 3324
13579 3325
13583 3326
17783 3327
22395 3328
13611 3329
13626 3330
13632 3331
13637 3332
13654 3333
13658 3334
12439 3335
13661 3336
23265 3337
13674 3338
13696 3339
13711 3340
13551 3341
15015 3342
23442 3343
13780 3344
16024 3345
16929 3346
19542 3347
20797 3348
21195 3349
21239 3350
21585 3351
23641 3352
24699 3353
25070 3354
13795 3355
13820 3356
13824 3357
13832 3358
13839 3359
12319 3360
21333 3361
13846 3362
24637 3363
13860 3364
13863 3365
13865 3366
18788 3367
13895 3368
13929 3369
13941 3370
13981 3371
13982 3372
14001 3373
8791 3374
14040 3375
14050 3376
14055 3377
6413 3378
22897 3379
14095 3380
14483 3381
14113 3382
14116 3383
14122 3384
14128 3385
14136 3386
14142 3387
14148 3388
14152 3389
20571 3390
2826 3391
14197 3392
14214 3393
2724 3394
4581 3395
5382 3396
10166 3397
13242 3398
15503 3399
21948 3400
24799 3401
14226 3402
14254 3403
13800 3404
14261 3405
14268 3406
14270 3407
17745 3408
14274 3409
14285 3410
14987 3411
14294 3412
1817 3413
14300 3414
14314 3415
14322 3416
14331 3417
14333 3418
14342 3419
14366 3420
14368 3421
14377 3422
14397 3423
10247 3424
14457 3425
14471 3426
14479 3427
18948 3428
14482 3429
16766 3430
22055 3431
20737 3432
14495 3433
14499 3434
14514 3435
6851 3436
14533 3437
23788 3438
14534 3439
14537 3440
5732 3441
14542 3442
1127 3443
14562 3444
14571 3445
14586 3446
14592 3447
14610 3448
21817 3449
615 3450
11807 3451
16720 3452
19530 3453
22545 3454
14654 3455
14686 3456
14702 3457
9875 3458
14706 3459
14707 3460
14721 3461
14756 3462
15551 3463
14757 3464
6170 3465
11539 3466
14920 3467
16415 3468
18578 3469
20015 3470
22753 3471
190 3472
7654 3473
9418 3474
10226 3475
12110 3476
18358 3477
18501 3478
14813 3479
14828 3480
8688 3481
15563 3482
18970 3483
14833 3484
1623 3485
14858 3486
14863 3487
14886 3488
14913 3489
20118 3490
14915 3491
18423 3492
14925 3493
3322 3494
17648 3495
14928 3496
17532 3497
23252 3498
14939 3499
14942 3500
14943 3501
14950 3502
14983 3503
14984 3504
7010 3505
14986 3506
2489 3507
3922 3508
13237 3509
17938 3510
17939 3511
14990 3512
15010 3513
15024 3514
13050 3515
15044 3516
21981 3517
15056 3518
6809 3519
15059 3520
21414 3521
15063 3522
11383 3523
943 3524
9803 3525
10625 3526
14353 3527
19578 3528
19618 3529
20019 3530
20276 3531
23872 3532
24557 3533
18095 3534
15097 3535
603 3536
15107 3537
13228 3538
19847 3539
15117 3540
18517 3541
15122 3542
15128 3543
15157 3544
15168 3545
15171 3546
15179 3547
15207 3548
15225 3549
24226 3550
15267 3551
15278 3552
19490 3553
15279 3554
15285 3555
3532 3556
17266 3557
15288 3558
19429 3559
15295 3560
15298 3561
15321 3562
19825 3563
15324 3564
15338 3565
15339 3566
15351 3567
15444 3568
15359 3569
15401 3570
18371 3571
19745 3572
20696 3573
15448 3574
15479 3575
15488 3576
2365 3577
2501 3578
15515 3579
15520 3580
15525 3581
15546 3582
1486 3583
15547 3584
509 3585
15592 3586
15628 3587
15635 3588
15648 3589
15649 3590
15663 3591
15668 3592
15694 3593
15700 3594
19781 3595
24515 3596
15740 3597
15751 3598
2493 3599
15762 3600
15767 3601
15799 3602
15809 3603
15811 3604
15815 3605
934 3606
8316 3607
17275 3608
17319 3609
19329 3610
19646 3611
20638 3612
20978 3613
22447 3614
22622 3615
22727 3616
23114 3617
23269 3618
23999 3619
25181 3620
15824 3621
15852 3622
15885 3623
15911 3624
15921 3625
15939 3626
15946 3627
15972 3628
16049 3629
17986 3630
15998 3631
16003 3632
16011 3633
16014 3634
16036 3635
16059 3636
16060 3637
16081 3638
16123 3639
16124 3640
16142 3641
16148 3642
6206 3643
16194 3644
16220 3645
16222 3646
11770 3647
16298 3648
19260 3649
1001 3650
16372 3651
18388 3652
23275 3653
16394 3654
19939 3655
16400 3656
7388 3657
12754 3658
12777 3659
15384 3660
19197 3661
22686 3662
16422 3663
16434 3664
14004 3665
18964 3666
16444 3667
15470 3668
20347 3669
16461 3670
16462 3671
16467 3672
19472 3673
16476 3674
1402 3675
16511 3676
19863 3677
16550 3678
16562 3679
18998 3680
16599 3681
4976 3682
6378 3683
9424 3684
15901 3685
19159 3686
20288 3687
16624 3688
16659 3689
4526 3690
5098 3691
12893 3692
20472 3693
16675 3694
11310 3695
16677 3696
16691 3697
8539 3698
16713 3699
11453 3700
4437 3701
16754 3702
16758 3703
7227 3704
16807 3705
16818 3706
16831 3707
16855 3708
16867 3709
16887 3710
16892 3711
16917 3712
1909 3713
3432 3714
18727 3715
17717 3716
8659 3717
16985 3718
17049 3719
17055 3720
23522 3721
17065 3722
14737 3723
17071 3724
14441 3725
17098 3726
17103 3727
17109 3728
17118 3729
17137 3730
17139 3731
17145 3732
17165 3733
7233 3734
17170 3735
17180 3736
17186 3737
17202 3738
17207 3739
17213 3740
17253 3741
10732 3742
3036 3743
3825 3744
20187 3745
17278 3746
8902 3747
17290 3748
17297 3749
1337 3750
1851 3751
9375 3752
11143 3753
14362 3754
19410 3755
17353 3756
21407 3757
17363 3758
13634 3759
22650 3760
17380 3761
1616 3762
8818 3763
9030 3764
14805 3765
20597 3766
18604 3767
17424 3768
17429 3769
18328 3770
17449 3771
24267 3772
17496 3773
16799 3774
17498 3775
17514 3776
17520 3777
17525 3778
17533 3779
17558 3780
441 3781
13926 3782
17560 3783
17590 3784
17593 3785
17602 3786
17632 3787
17643 3788
17649 3789
2482 3790
4569 3791
17701 3792
20402 3793
17710 3794
17729 3795
17765 3796
17779 3797
25081 3798
17796 3799
17802 3800
12089 3801
17804 3802
17823 3803
17851 3804
19534 3805
18063 3806
17924 3807
17941 3808
19155 3809
405 3810
968 3811
17971 3812
17993 3813
19127 3814
21839 3815
18009 3816
18022 3817
17843 3818
18029 3819
1758 3820
18083 3821
18096 3822
18074 3823
18113 3824
18120 3825
7196 3826
12424 3827
18131 3828
18145 3829
20828 3830
18149 3831
18154 3832
18157 3833
23544 3834
18182 3835
18768 3836
18187 3837
18225 3838
18228 3839
18245 3840
18249 3841
18258 3842
18261 3843
18274 3844
16004 3845
18285 3846
18289 3847
18297 3848
18316 3849
15017 3850
18347 3851
18356 3852
19004 3853
18385 3854
18333 3855
19164 3856
18398 3857
20302 3858
18455 3859
18471 3860
8488 3861
18482 3862
18484 3863
18489 3864
18492 3865
4359 3866
21967 3867
18540 3868
18550 3869
18552 3870
18597 3871
18608 3872
18639 3873
18647 3874
18648 3875
18658 3876
21438 3877
18674 3878
18745 3879
18751 3880
18756 3881
18757 3882
18779 3883
18851 3884
18868 3885
18869 3886
18911 3887
15532 3888
18932 3889
18963 3890
18986 3891
18988 3892
18996 3893
20081 3894
7577 3895
10455 3896
23011 3897
18227 3898
22676 3899
19049 3900
18940 3901
23368 3902
19054 3903
19058 3904
355 3905
19063 3906
19065 3907
24995 3908
19075 3909
19118 3910
19098 3911
4211 3912
21534 3913
19134 3914
19145 3915
19149 3916
19165 3917
19209 3918
12510 3919
19295 3920
19214 3921
19229 3922
19240 3923
16268 3924
19258 3925
7524 3926
19268 3927
19271 3928
19294 3929
19300 3930
19306 3931
19322 3932
19364 3933
17189 3934
19384 3935
19437 3936
19440 3937
19473 3938
19476 3939
1498 3940
19486 3941
19492 3942
4033 3943
22854 3944
19537 3945
19545 3946
19556 3947
19571 3948
19580 3949
7942 3950
23786 3951
19619 3952
19629 3953
19653 3954
19676 3955
19703 3956
19707 3957
19724 3958
13977 3959
19740 3960
3436 3961
13437 3962
19774 3963
19777 3964
738 3965
19793 3966
19807 3967
8819 3968
19856 3969
20401 3970
9452 3971
19922 3972
19924 3973
24564 3974
19930 3975
19937 3976
19950 3977
19954 3978
25036 3979
19970 3980
19988 3981
440 3982
5892 3983
13685 3984
19572 3985
21532 3986
21692 3987
21712 3988
22555 3989
22632 3990
23167 3991
20005 3992
10819 3993
20012 3994
20031 3995
20037 3996
20065 3997
10373 3998
16950 3999
20105 4000
20147 4001
20164 4002
5499 4003
20197 4004
20201 4005
20206 4006
20219 4007
20222 4008
6703 4009
20250 4010
20256 4011
687 4012
1223 4013
20289 4014
20292 4015
20324 4016
19940 4017
20332 4018
8373 4019
9974 4020
20403 4021
24391 4022
20415 4023
12680 4024
5685 4025
8311 4026
20443 4027
20447 4028
20451 4029
23052 4030
20486 4031
7672 4032
20518 4033
20535 4034
20539 4035
20564 4036
20569 4037
3404 4038
8766 4039
21826 4040
20600 4041
20613 4042
18282 4043
20617 4044
20635 4045
20646 4046
20653 4047
20656 4048
12333 4049
20707 4050
20709 4051
23782 4052
20719 4053
20730 4054
20735 4055
20761 4056
20782 4057
20798 4058
3416 4059
20816 4060
20817 4061
20819 4062
20826 4063
24457 4064
20831 4065
20835 4066
20848 4067
17208 4068
20882 4069
9467 4070
19273 4071
21435 4072
9790 4073
20935 4074
20943 4075
20963 4076
20975 4077
20990 4078
21022 4079
14401 4080
7865 4081
9867 4082
22688 4083
23810 4084
21053 4085
21055 4086
1791 4087
21060 4088
21565 4089
9650 4090
22949 4091
21072 4092
1942 4093
21073 4094
21094 4095
21096 4096
841 4097
21158 4098
21172 4099
21181 4100
21189 4101
10283 4102
21209 4103
21213 4104
17327 4105
21264 4106
8458 4107
21288 4108
21308 4109
21324 4110
21326 4111
21328 4112
21349 4113
21365 4114
21389 4115
21426 4116
10513 4117
7953 4118
21448 4119
21478 4120
24520 4121
24610 4122
24770 4123
21510 4124
21518 4125
21540 4126
21553 4127
23154 4128
21564 4129
21567 4130
21570 4131
20062 4132
14440 4133
21627 4134
21638 4135
21640 4136
4869 4137
21673 4138
4097 4139
20550 4140
18018 4141
21728 4142
21729 4143
21733 4144
21770 4145
6717 4146
1186 4147
2361 4148
5555 4149
6802 4150
22882 4151
21799 4152
21800 4153
21804 4154
21813 4155
21822 4156
19254 4157
21837 4158
21848 4159
14946 4160
21881 4161
21929 4162
21940 4163
8506 4164
21941 4165
17241 4166
21950 4167
7840 4168
2713 4169
19079 4170
21985 4171
21997 4172
22016 4173
8674 4174
13852 4175
19656 4176
22044 4177
22045 4178
8272 4179
22059 4180
22073 4181
24108 4182
24168 4183
22088 4184
22121 4185
259 4186
22131 4187
22162 4188
24441 4189
22213 4190
23155 4191
24262 4192
22286 4193
22415 4194
22333 4195
22381 4196
22390 4197
22396 4198
7585 4199
2980 4200
6207 4201
8091 4202
11865 4203
15328 4204
115 4205
22444 4206
24210 4207
22468 4208
22492 4209
15061 4210
21714 4211
25041 4212
22512 4213
22548 4214
22564 4215
22623 4216
22647 4217
22679 4218
22749 4219
22787 4220
22788 4221
22822 4222
22834 4223
22839 4224
22842 4225
22862 4226
22891 4227
22894 4228
22916 4229
22919 4230
22922 4231
22941 4232
22946 4233
22952 4234
23018 4235
23022 4236
23072 4237
8152 4238
23077 4239
23085 4240
23137 4241
1264 4242
23181 4243
10655 4244
23192 4245
23199 4246
23206 4247
23222 4248
23234 4249
2403 4250
23318 4251
5551 4252
23384 4253
201 4254
234 4255
11909 4256
19331 4257
20821 4258
22609 4259
23404 4260
23409 4261
23424 4262
23437 4263
23533 4264
1917 4265
13952 4266
23555 4267
23557 4268
23575 4269
23594 4270
7165 4271
23604 4272
23628 4273
23676 4274
15487 4275
23682 4276
10816 4277
23712 4278
23720 4279
23264 4280
23731 4281
23749 4282
23797 4283
23800 4284
23807 4285
23813 4286
12143 4287
23825 4288
23873 4289
23887 4290
9941 4291
23905 4292
23938 4293
23951 4294
23964 4295
23969 4296
23972 4297
23978 4298
20920 4299
23992 4300
23995 4301
24103 4302
24130 4303
24143 4304
11435 4305
9990 4306
10454 4307
16806 4308
24307 4309
19697 4310
24347 4311
24357 4312
24362 4313
24382 4314
18655 4315
24407 4316
24420 4317
24426 4318
24436 4319
24440 4320
24442 4321
24445 4322
24450 4323
7760 4324
22376 4325
24478 4326
24497 4327
11114 4328
24498 4329
24539 4330
24732 4331
24115 4332
24551 4333
24568 4334
24572 4335
24575 4336
24578 4337
24584 4338
24588 4339
10558 4340
24627 4341
24636 4342
24209 4343
24649 4344
24662 4345
24665 4346
8585 4347
24754 4348
24785 4349
24797 4350
24813 4351
3006 4352
24857 4353
5831 4354
24863 4355
24866 4356
24869 4357
3075 4358
13621 4359
24871 4360
24889 4361
24890 4362
24892 4363
24905 4364
24921 4365
24935 4366
10664 4367
24963 4368
24985 4369
24990 4370
18125 4371
15956 4372
25002 4373
25006 4374
25019 4375
18000 4376
25044 4377
25056 4378
20520 4379
9103 4380
25080 4381
25114 4382
25135 4383
25139 4384
25165 4385
25176 4386
