6 0
603 1
1098 2
2023 3
3348 4
8157 5
8781 6
12351 7
7 8
9031 9
10 10
959 11
4749 12
5035 13
5059 14
7295 15
7353 16
13974 17
14275 18
17674 19
21 20
16881 21
26 22
71 23
9945 24
11311 25
14384 26
28 27
9098 28
33 29
2323 30
14188 31
16874 32
38 33
39 34
2692 35
3736 36
7426 37
8023 38
12916 39
452 40
865 41
3241 42
3624 43
5697 44
12076 45
12868 46
42 47
78 48
809 49
1853 50
2183 51
2282 52
2428 53
2553 54
2947 55
4261 56
4838 57
5695 58
5771 59
5807 60
7264 61
8892 62
10565 63
11001 64
11438 65
11547 66
12064 67
12539 68
13068 69
14004 70
17213 71
45 72
6783 73
8353 74
51 75
1504 76
2467 77
54 78
9422 79
59 80
5573 81
6189 82
7681 83
12710 84
15190 85
67 86
714 87
1801 88
3053 89
1126 90
2743 91
4358 92
7378 93
8109 94
9765 95
11696 96
12210 97
12309 98
75 99
19164 100
77 101
92 102
2966 103
3042 104
6054 105
9547 106
79 107
2198 108
3536 109
8645 110
89 111
6026 112
10105 113
90 114
2695 115
4053 116
5297 117
9162 118
13492 119
17709 120
4716 121
6412 122
10999 123
103 124
104 125
1808 126
2053 127
6097 128
11235 129
13672 130
15225 131
15533 132
16173 133
107 134
817 135
1493 136
3559 137
3924 138
4234 139
4388 140
6222 141
6880 142
8097 143
8512 144
10120 145
10824 146
11251 147
12192 148
14792 149
15758 150
15909 151
16378 152
16423 153
17167 154
109 155
5341 156
9937 157
12394 158
112 159
5158 160
121 161
1795 162
1819 163
2886 164
3451 165
6739 166
7093 167
12300 168
15080 169
16555 170
17635 171
125 172
16433 173
127 174
3154 175
6423 176
6445 177
8750 178
10255 179
11446 180
11896 181
11897 182
12656 183
13755 184
15571 185
16200 186
16273 187
16392 188
16411 189
16443 190
16447 191
16764 192
16813 193
17610 194
18756 195
19471 196
128 197
131 198
7148 199
132 200
8443 201
134 202
6690 203
11451 204
142 205
8015 206
11784 207
16543 208
147 209
1085 210
3590 211
4960 212
8745 213
9611 214
153 215
905 216
1210 217
10439 218
156 219
8282 220
11790 221
164 222
1302 223
7087 224
168 225
1064 226
3875 227
5001 228
9506 229
13576 230
174 231
716 232
16355 233
175 234
4624 235
6989 236
8061 237
181 238
366 239
2277 240
3314 241
3388 242
4667 243
5576 244
5648 245
5668 246
6747 247
6748 248
8396 249
10112 250
10468 251
11462 252
12610 253
15706 254
16461 255
16935 256
17003 257
185 258
9237 259
16778 260
190 261
3995 262
191 263
1889 264
4474 265
195 266
2401 267
4566 268
196 269
2370 270
2502 271
3020 272
4483 273
19381 274
197 275
741 276
921 277
1745 278
1997 279
2386 280
2977 281
3827 282
4014 283
4182 284
4327 285
4445 286
5516 287
6027 288
6144 289
6191 290
8033 291
9494 292
9653 293
9908 294
10039 295
10852 296
11050 297
11106 298
11633 299
11772 300
12675 301
13220 302
13748 303
13764 304
16316 305
18285 306
207 307
8164 308
211 309
5724 310
218 311
6700 312
220 313
4537 314
8075 315
12552 316
225 317
2944 318
3838 319
4235 320
5135 321
6257 322
6521 323
7750 324
226 325
2121 326
8046 327
227 328
4548 329
11023 330
17125 331
229 332
1643 333
230 334
851 335
3639 336
3767 337
4248 338
4360 339
4520 340
5626 341
8165 342
8498 343
9856 344
10547 345
10934 346
14774 347
16059 348
231 349
11616 350
235 351
1244 352
3813 353
242 354
17857 355
243 356
7193 357
16867 358
245 359
250 360
3070 361
4365 362
7088 363
8759 364
9644 365
12013 366
14143 367
254 368
3673 369
7243 370
264 371
8987 372
11134 373
268 374
10139 375
270 376
1251 377
3286 378
5123 379
13351 380
271 381
2677 382
4252 383
4615 384
8100 385
274 386
615 387
1556 388
1955 389
2185 390
3775 391
3856 392
6737 393
7237 394
14515 395
15816 396
16229 397
278 398
7549 399
8448 400
291 401
954 402
12302 403
13718 404
16432 405
295 406
5187 407
7572 408
296 409
1714 410
2523 411
5267 412
5325 413
5406 414
10581 415
12584 416
13679 417
16465 418
16474 419
16662 420
302 421
4166 422
7808 423
306 424
5512 425
308 426
309 427
1743 428
4049 429
10964 430
325 431
1570 432
3714 433
8208 434
9258 435
15497 436
331 437
6082 438
334 439
335 440
4344 441
5180 442
5614 443
8908 444
8996 445
10617 446
15250 447
337 448
12310 449
346 450
2234 451
11699 452
348 453
1172 454
6187 455
357 456
5640 457
10320 458
359 459
426 460
998 461
2300 462
3754 463
4731 464
8937 465
12378 466
17154 467
18147 468
3224 469
368 470
373 471
3229 472
10370 473
375 474
1131 475
3086 476
5197 477
7149 478
12457 479
377 480
1500 481
4660 482
10663 483
378 484
4590 485
384 486
1530 487
1532 488
1598 489
1600 490
1603 491
1879 492
4795 493
5051 494
5119 495
5210 496
6210 497
6274 498
6327 499
7958 500
8137 501
8658 502
9409 503
10461 504
11611 505
11933 506
12213 507
12511 508
12723 509
12799 510
12800 511
12840 512
12842 513
12931 514
12966 515
13469 516
14022 517
14076 518
14096 519
14175 520
14342 521
14406 522
14455 523
14607 524
14608 525
14819 526
15457 527
15477 528
15570 529
15947 530
16062 531
16096 532
16124 533
16128 534
16240 535
16260 536
16271 537
16293 538
16353 539
16354 540
16370 541
16444 542
16445 543
16452 544
16455 545
16613 546
16661 547
16689 548
16719 549
16755 550
16793 551
16801 552
16826 553
16847 554
16948 555
17037 556
17251 557
17279 558
18085 559
18537 560
18543 561
18594 562
18599 563
18751 564
18757 565
18781 566
19000 567
391 568
650 569
776 570
3531 571
3576 572
13187 573
393 574
396 575
397 576
16388 577
398 578
400 579
1021 580
3567 581
16339 582
401 583
1333 584
4157 585
7357 586
13540 587
402 588
5893 589
405 590
12065 591
407 592
8796 593
410 594
1634 595
422 596
928 597
3630 598
5976 599
16893 600
16932 601
16992 602
425 603
16372 604
5360 605
431 606
665 607
7451 608
7868 609
7948 610
9921 611
18282 612
449 613
3636 614
11297 615
16309 616
450 617
4560 618
4746 619
14390 620
18952 621
1203 622
2409 623
6996 624
7988 625
8025 626
15269 627
454 628
7751 629
455 630
2453 631
460 632
690 633
3635 634
5806 635
6606 636
9665 637
10397 638
12882 639
462 640
4980 641
12937 642
464 643
12508 644
14790 645
468 646
18329 647
470 648
14505 649
15329 650
471 651
7840 652
11422 653
476 654
12299 655
16597 656
480 657
487 658
1207 659
1566 660
2496 661
4215 662
6265 663
6848 664
7284 665
7638 666
7918 667
13586 668
13599 669
15129 670
15656 671
481 672
483 673
1837 674
4338 675
4664 676
11685 677
12438 678
489 679
6482 680
6921 681
10236 682
493 683
501 684
5131 685
11621 686
503 687
3438 688
505 689
3378 690
506 691
6652 692
6962 693
516 694
1571 695
519 696
3961 697
7017 698
17289 699
522 700
5250 701
13158 702
523 703
1384 704
2305 705
8695 706
13885 707
525 708
3870 709
4640 710
533 711
1378 712
4710 713
9342 714
16227 715
534 716
5041 717
6503 718
8848 719
9861 720
10072 721
11967 722
13318 723
13483 724
16165 725
16783 726
16920 727
19033 728
535 729
2591 730
541 731
2060 732
16636 733
17835 734
545 735
12269 736
546 737
4340 738
17155 739
548 740
1009 741
1416 742
2377 743
4546 744
5786 745
5943 746
8379 747
9731 748
12162 749
12384 750
13415 751
549 752
285 753
576 754
1733 755
3264 756
3543 757
3787 758
3853 759
4128 760
4502 761
4610 762
5359 763
7434 764
7890 765
8615 766
9999 767
11595 768
12488 769
15967 770
19232 771
552 772
2718 773
6508 774
16475 775
558 776
17002 777
567 778
876 779
4372 780
5798 781
12465 782
570 783
6694 784
7996 785
572 786
575 787
8362 788
1914 789
3182 790
4101 791
4347 792
4462 793
5404 794
5836 795
6162 796
7439 797
8052 798
8214 799
8753 800
12395 801
13607 802
15059 803
583 804
6601 805
6663 806
14359 807
589 808
15377 809
595 810
600 811
1292 812
1442 813
1470 814
7933 815
9320 816
11128 817
16276 818
1886 819
2090 820
8327 821
607 822
613 823
614 824
14825 825
18576 826
310 827
805 828
1162 829
2375 830
3052 831
4094 832
4451 833
4792 834
6818 835
6886 836
7471 837
11358 838
11523 839
11820 840
12165 841
12340 842
12836 843
13646 844
15953 845
16471 846
16511 847
618 848
2012 849
2150 850
3498 851
5528 852
5802 853
6645 854
8115 855
9747 856
12377 857
14624 858
14716 859
630 860
637 861
11886 862
641 863
643 864
1120 865
6467 866
8423 867
649 868
4001 869
652 870
9311 871
654 872
2085 873
3234 874
4720 875
7058 876
655 877
6877 878
657 879
8823 880
659 881
7652 882
661 883
14719 884
662 885
674 886
16841 887
679 888
16415 889
682 890
1401 891
1534 892
1651 893
3585 894
3628 895
5789 896
10731 897
13814 898
15137 899
15273 900
15458 901
17212 902
684 903
687 904
9406 905
688 906
2199 907
6542 908
7551 909
8469 910
9109 911
11153 912
15831 913
15975 914
884 915
910 916
973 917
1026 918
2058 919
2124 920
3205 921
4185 922
4210 923
4242 924
4375 925
5177 926
5900 927
7862 928
9390 929
12274 930
16562 931
17630 932
712 933
7693 934
7724 935
15911 936
16564 937
16587 938
16848 939
717 940
5625 941
723 942
1245 943
1427 944
2541 945
2842 946
3113 947
3730 948
4085 949
4219 950
4496 951
5890 952
7256 953
7713 954
8032 955
8847 956
8922 957
11572 958
13572 959
14804 960
16896 961
17326 962
17605 963
17702 964
724 965
3777 966
2387 967
3654 968
4162 969
6101 970
9013 971
743 972
827 973
4003 974
746 975
1681 976
14367 977
751 978
5284 979
16002 980
756 981
9079 982
760 983
2873 984
768 985
605 986
771 987
772 988
9092 989
779 990
1311 991
1587 992
1905 993
1970 994
2669 995
3204 996
4072 997
4349 998
11112 999
11518 1000
12924 1001
15041 1002
17163 1003
17175 1004
781 1005
4802 1006
6083 1007
7900 1008
11007 1009
11712 1010
18451 1011
783 1012
8974 1013
784 1014
786 1015
4829 1016
787 1017
13431 1018
792 1019
10911 1020
800 1021
2601 1022
10156 1023
808 1024
935 1025
3032 1026
6944 1027
13174 1028
811 1029
2361 1030
7307 1031
815 1032
1953 1033
2097 1034
2973 1035
3575 1036
4659 1037
8839 1038
12510 1039
14911 1040
17510 1041
19028 1042
1385 1043
823 1044
5595 1045
825 1046
2639 1047
5872 1048
10438 1049
13053 1050
7232 1051
9069 1052
10053 1053
13682 1054
831 1055
14018 1056
833 1057
7788 1058
839 1059
12750 1060
841 1061
845 1062
847 1063
9910 1064
15055 1065
854 1066
2430 1067
3878 1068
4163 1069
5995 1070
7150 1071
14332 1072
16248 1073
16313 1074
17600 1075
855 1076
859 1077
5669 1078
8078 1079
8092 1080
8805 1081
8806 1082
9042 1083
9964 1084
10253 1085
10258 1086
10259 1087
13610 1088
15147 1089
16233 1090
16284 1091
16480 1092
16658 1093
16747 1094
18639 1095
19094 1096
19181 1097
19303 1098
19357 1099
861 1100
1392 1101
2545 1102
3335 1103
4066 1104
7204 1105
7613 1106
8552 1107
10869 1108
12945 1109
15931 1110
18334 1111
6548 1112
15426 1113
8106 1114
14229 1115
877 1116
12640 1117
878 1118
5026 1119
16243 1120
879 1121
12676 1122
16420 1123
892 1124
893 1125
1248 1126
897 1127
901 1128
3883 1129
7747 1130
18999 1131
903 1132
6581 1133
908 1134
3337 1135
7488 1136
10859 1137
13216 1138
15064 1139
911 1140
9210 1141
914 1142
5529 1143
7455 1144
14508 1145
916 1146
939 1147
2380 1148
3336 1149
4306 1150
4764 1151
5522 1152
6030 1153
6498 1154
8348 1155
8526 1156
10856 1157
10877 1158
14460 1159
14806 1160
919 1161
1975 1162
2063 1163
4281 1164
6094 1165
11056 1166
16950 1167
924 1168
5530 1169
1859 1170
4862 1171
6380 1172
7947 1173
8809 1174
14957 1175
16924 1176
16964 1177
16990 1178
17590 1179
932 1180
6279 1181
937 1182
940 1183
941 1184
947 1185
2356 1186
4983 1187
950 1188
952 1189
4164 1190
5849 1191
7418 1192
9261 1193
11604 1194
953 1195
9173 1196
7846 1197
955 1198
957 1199
962 1200
966 1201
970 1202
721 1203
4165 1204
10554 1205
990 1206
8080 1207
992 1208
5230 1209
993 1210
12900 1211
996 1212
1011 1213
1201 1214
1976 1215
2003 1216
2775 1217
6067 1218
12083 1219
1000 1220
1006 1221
6489 1222
7400 1223
9078 1224
9939 1225
1313 1226
1355 1227
2637 1228
2963 1229
3321 1230
3433 1231
3513 1232
3550 1233
4236 1234
4240 1235
4993 1236
5727 1237
6258 1238
7422 1239
8557 1240
8799 1241
8827 1242
9028 1243
9523 1244
10250 1245
10485 1246
10790 1247
13577 1248
15612 1249
17088 1250
1010 1251
1477 1252
3648 1253
1249 1254
1408 1255
4674 1256
6635 1257
6814 1258
7429 1259
9855 1260
10307 1261
10888 1262
14239 1263
1013 1264
16246 1265
1014 1266
1472 1267
3131 1268
7253 1269
11477 1270
12289 1271
17895 1272
1016 1273
11672 1274
1020 1275
1095 1276
1024 1277
4550 1278
6009 1279
1025 1280
15660 1281
1031 1282
1129 1283
1033 1284
1043 1285
1049 1286
1050 1287
3116 1288
5831 1289
1053 1290
18614 1291
1055 1292
1058 1293
5326 1294
1059 1295
2647 1296
5370 1297
7440 1298
8182 1299
8191 1300
9125 1301
9373 1302
10884 1303
11085 1304
14257 1305
15943 1306
1066 1307
3829 1308
9294 1309
1069 1310
13916 1311
13922 1312
1074 1313
16139 1314
1075 1315
12365 1316
1076 1317
1077 1318
16654 1319
1079 1320
1725 1321
5926 1322
1081 1323
6048 1324
8217 1325
1082 1326
1084 1327
1169 1328
1413 1329
1513 1330
1737 1331
2451 1332
3399 1333
4034 1334
4241 1335
5068 1336
5101 1337
5152 1338
5537 1339
5863 1340
6328 1341
9074 1342
9190 1343
9345 1344
9802 1345
10386 1346
10500 1347
10951 1348
10952 1349
10956 1350
10984 1351
12157 1352
12358 1353
12817 1354
13018 1355
13124 1356
13300 1357
14435 1358
14441 1359
14500 1360
14948 1361
15007 1362
15545 1363
15578 1364
16040 1365
16726 1366
17703 1367
19323 1368
1089 1369
4232 1370
9628 1371
6382 1372
15219 1373
1096 1374
1097 1375
1729 1376
3417 1377
5069 1378
8614 1379
1099 1380
1104 1381
12947 1382
1105 1383
1109 1384
1110 1385
16775 1386
1123 1387
3320 1388
4305 1389
9313 1390
1124 1391
5676 1392
15603 1393
3172 1394
5014 1395
5324 1396
18574 1397
1128 1398
3857 1399
4909 1400
3256 1401
3477 1402
6136 1403
7839 1404
8923 1405
9291 1406
9632 1407
15592 1408
1137 1409
2052 1410
1138 1411
17273 1412
1139 1413
2632 1414
1141 1415
10509 1416
1146 1417
1147 1418
1154 1419
1713 1420
2276 1421
2990 1422
3807 1423
3808 1424
4442 1425
4656 1426
4789 1427
5193 1428
6032 1429
6966 1430
7715 1431
7828 1432
10200 1433
10557 1434
10700 1435
11084 1436
11806 1437
12914 1438
15334 1439
15379 1440
15482 1441
1157 1442
8331 1443
10600 1444
1159 1445
8398 1446
1998 1447
1165 1448
1166 1449
2948 1450
3055 1451
1174 1452
10471 1453
15031 1454
16242 1455
1177 1456
1180 1457
1182 1458
1920 1459
3260 1460
4755 1461
5312 1462
6894 1463
18191 1464
1184 1465
4622 1466
6626 1467
7607 1468
15362 1469
16561 1470
1186 1471
3539 1472
4484 1473
5656 1474
7206 1475
13562 1476
15213 1477
16305 1478
1187 1479
6583 1480
1188 1481
1189 1482
8270 1483
1191 1484
4501 1485
11695 1486
1197 1487
11181 1488
1792 1489
2703 1490
7511 1491
9638 1492
16468 1493
2225 1494
11743 1495
1211 1496
9196 1497
13998 1498
1212 1499
4214 1500
1215 1501
146 1502
6621 1503
8871 1504
8915 1505
9967 1506
1219 1507
1776 1508
1825 1509
8237 1510
9883 1511
10957 1512
16541 1513
16559 1514
17523 1515
1225 1516
1226 1517
4697 1518
15514 1519
1232 1520
1240 1521
1242 1522
3980 1523
5088 1524
5413 1525
5972 1526
6367 1527
9501 1528
10858 1529
11016 1530
12318 1531
14356 1532
1247 1533
1900 1534
2497 1535
2550 1536
3213 1537
3699 1538
4227 1539
6620 1540
6929 1541
7895 1542
8973 1543
10426 1544
15119 1545
15218 1546
16310 1547
16575 1548
1250 1549
1626 1550
2128 1551
1253 1552
1254 1553
7624 1554
1259 1555
12459 1556
1261 1557
13472 1558
1268 1559
7645 1560
1270 1561
1271 1562
8291 1563
1277 1564
3927 1565
1284 1566
1285 1567
1509 1568
4717 1569
5132 1570
5309 1571
6459 1572
7507 1573
9484 1574
12022 1575
1288 1576
4754 1577
5428 1578
9129 1579
14232 1580
1294 1581
360 1582
2056 1583
1298 1584
1299 1585
3047 1586
1301 1587
6268 1588
1303 1589
3770 1590
3801 1591
4783 1592
1307 1593
8575 1594
1316 1595
6898 1596
16854 1597
1317 1598
512 1599
1086 1600
1630 1601
2701 1602
5536 1603
8316 1604
8811 1605
12095 1606
13510 1607
15295 1608
17958 1609
1323 1610
3406 1611
7614 1612
1324 1613
12806 1614
12930 1615
14165 1616
1325 1617
2491 1618
1327 1619
11915 1620
13425 1621
1336 1622
1337 1623
1344 1624
1345 1625
1353 1626
4223 1627
1354 1628
1609 1629
1357 1630
1362 1631
1739 1632
18326 1633
1363 1634
1414 1635
1638 1636
2337 1637
3401 1638
4545 1639
6407 1640
7746 1641
11969 1642
13487 1643
15550 1644
1365 1645
1369 1646
1370 1647
3740 1648
12303 1649
14722 1650
1371 1651
1372 1652
7067 1653
1375 1654
1377 1655
6241 1656
2539 1657
1383 1658
1112 1659
1391 1660
1396 1661
1398 1662
10349 1663
1399 1664
8913 1665
1400 1666
1407 1667
6384 1668
2806 1669
18363 1670
1412 1671
1664 1672
4967 1673
6614 1674
7672 1675
9139 1676
15708 1677
2871 1678
6753 1679
7997 1680
1417 1681
2879 1682
3214 1683
11246 1684
1418 1685
4653 1686
1422 1687
1437 1688
7225 1689
1438 1690
4195 1691
4422 1692
9177 1693
1441 1694
3896 1695
1450 1696
10508 1697
1451 1698
7306 1699
1453 1700
1454 1701
1455 1702
4536 1703
5560 1704
1456 1705
14765 1706
1457 1707
1462 1708
1463 1709
10337 1710
1468 1711
3273 1712
6059 1713
4813 1714
1476 1715
7956 1716
9680 1717
1488 1718
663 1719
3692 1720
7766 1721
10819 1722
11831 1723
12737 1724
13673 1725
1497 1726
5067 1727
7568 1728
3069 1729
5780 1730
7115 1731
11642 1732
12458 1733
15655 1734
3298 1735
3802 1736
12519 1737
1505 1738
2414 1739
1512 1740
1514 1741
6075 1742
1515 1743
1516 1744
4497 1745
7550 1746
14922 1747
1520 1748
1899 1749
3815 1750
1523 1751
8128 1752
1524 1753
6389 1754
5817 1755
11894 1756
15884 1757
16688 1758
16698 1759
18778 1760
1531 1761
10022 1762
1539 1763
1605 1764
4114 1765
4819 1766
4996 1767
12474 1768
15748 1769
17364 1770
1540 1771
1541 1772
1690 1773
11378 1774
11651 1775
11719 1776
14010 1777
17362 1778
18634 1779
1546 1780
13279 1781
1548 1782
1550 1783
6416 1784
1552 1785
11081 1786
1554 1787
944 1788
1559 1789
13440 1790
1561 1791
1564 1792
1567 1793
3888 1794
4528 1795
5891 1796
10658 1797
10727 1798
11830 1799
11902 1800
12115 1801
12574 1802
13062 1803
13613 1804
15467 1805
16982 1806
1568 1807
3367 1808
4823 1809
5066 1810
5929 1811
9633 1812
11532 1813
14520 1814
14652 1815
15539 1816
17226 1817
1623 1818
2823 1819
3136 1820
6982 1821
8491 1822
9208 1823
9899 1824
10185 1825
11859 1826
12205 1827
15866 1828
17541 1829
1572 1830
10423 1831
1573 1832
1584 1833
1982 1834
2605 1835
3114 1836
3737 1837
4067 1838
6102 1839
8183 1840
10733 1841
5212 1842
7332 1843
12942 1844
16236 1845
1599 1846
13705 1847
14887 1848
16137 1849
16526 1850
16533 1851
16769 1852
1827 1853
3096 1854
6281 1855
8810 1856
9412 1857
10257 1858
10449 1859
12726 1860
12890 1861
13741 1862
14485 1863
15937 1864
16132 1865
16352 1866
16771 1867
17022 1868
17345 1869
18760 1870
1604 1871
1621 1872
4744 1873
8592 1874
9070 1875
17681 1876
4848 1877
12074 1878
1606 1879
4409 1880
10160 1881
16817 1882
1615 1883
6229 1884
2262 1885
2893 1886
3251 1887
6252 1888
8894 1889
13608 1890
1068 1891
5619 1892
9792 1893
1629 1894
2051 1895
1633 1896
1380 1897
11813 1898
1639 1899
16645 1900
18407 1901
2892 1902
1646 1903
7525 1904
15151 1905
19397 1906
1654 1907
1658 1908
1659 1909
9280 1910
1660 1911
4959 1912
10730 1913
13493 1914
3799 1915
13332 1916
1671 1917
1675 1918
18695 1919
4139 1920
6107 1921
14300 1922
1692 1923
2733 1924
1698 1925
1700 1926
3769 1927
4982 1928
8242 1929
9388 1930
9681 1931
10354 1932
10493 1933
10882 1934
12249 1935
1702 1936
1708 1937
6366 1938
1709 1939
1710 1940
12062 1941
8187 1942
1715 1943
1719 1944
10203 1945
1722 1946
8755 1947
9944 1948
14328 1949
1727 1950
8181 1951
1735 1952
8236 1953
6458 1954
7151 1955
10864 1956
15450 1957
5787 1958
1747 1959
6444 1960
1751 1961
3876 1962
1752 1963
1755 1964
5149 1965
1756 1966
1759 1967
6273 1968
1761 1969
7383 1970
10975 1971
1763 1972
6986 1973
1780 1974
5237 1975
1784 1976
1787 1977
19008 1978
473 1979
2049 1980
3126 1981
3465 1982
5178 1983
6159 1984
6372 1985
7288 1986
8142 1987
8607 1988
11680 1989
11921 1990
13149 1991
16320 1992
16635 1993
16696 1994
17009 1995
18072 1996
1797 1997
2779 1998
3244 1999
3374 2000
14572 2001
16906 2002
1812 2003
2912 2004
3478 2005
9142 2006
13433 2007
14798 2008
1813 2009
16620 2010
6456 2011
1820 2012
5091 2013
1823 2014
1824 2015
1833 2016
1847 2017
2425 2018
3510 2019
10406 2020
10710 2021
1855 2022
12006 2023
14207 2024
1860 2025
1864 2026
7215 2027
1874 2028
11137 2029
11956 2030
1881 2031
7654 2032
9836 2033
1887 2034
12133 2035
1890 2036
1896 2037
4060 2038
6385 2039
3702 2040
1903 2041
1908 2042
18497 2043
1910 2044
10921 2045
1911 2046
2452 2047
3599 2048
4318 2049
7183 2050
12072 2051
13031 2052
13286 2053
13995 2054
1915 2055
1925 2056
5061 2057
6590 2058
1929 2059
1933 2060
5283 2061
5405 2062
1935 2063
4970 2064
8528 2065
1940 2066
1995 2067
2083 2068
2312 2069
2440 2070
2557 2071
2727 2072
3483 2073
4350 2074
7278 2075
10432 2076
19450 2077
1946 2078
6277 2079
7110 2080
9053 2081
1959 2082
5955 2083
8881 2084
1961 2085
2560 2086
13966 2087
1968 2088
1971 2089
1977 2090
1980 2091
12077 2092
1985 2093
3855 2094
1991 2095
8585 2096
11535 2097
1999 2098
3504 2099
2002 2100
2010 2101
2018 2102
12570 2103
6353 2104
16691 2105
2024 2106
2027 2107
4913 2108
2029 2109
5174 2110
6799 2111
11795 2112
12796 2113
2032 2114
16145 2115
2033 2116
2041 2117
2330 2118
4401 2119
9206 2120
9829 2121
14981 2122
475 2123
7449 2124
12484 2125
7257 2126
16362 2127
17684 2128
2055 2129
19486 2130
5231 2131
3001 2132
4154 2133
5895 2134
6190 2135
6400 2136
6798 2137
6817 2138
7302 2139
8166 2140
10158 2141
11737 2142
15322 2143
2059 2144
7571 2145
2065 2146
6772 2147
2066 2148
2071 2149
2078 2150
2087 2151
2094 2152
2099 2153
11908 2154
2106 2155
13091 2156
2108 2157
2118 2158
9292 2159
8258 2160
8905 2161
15742 2162
2136 2163
6786 2164
2139 2165
12416 2166
13408 2167
13996 2168
2145 2169
2148 2170
12698 2171
4449 2172
8656 2173
13250 2174
2153 2175
2163 2176
2164 2177
2166 2178
2168 2179
2170 2180
2177 2181
2184 2182
2189 2183
5623 2184
11189 2185
2192 2186
2196 2187
2208 2188
2212 2189
1395 2190
5048 2191
5764 2192
10610 2193
12203 2194
13333 2195
2217 2196
2227 2197
2622 2198
2228 2199
2230 2200
2231 2201
1850 2202
2347 2203
2241 2204
461 2205
4482 2206
5913 2207
2244 2208
2248 2209
14020 2210
2256 2211
6608 2212
2261 2213
2268 2214
2269 2215
2274 2216
6623 2217
17211 2218
2275 2219
6742 2220
13531 2221
1854 2222
11194 2223
12090 2224
16807 2225
19268 2226
2280 2227
14717 2228
2284 2229
8627 2230
18337 2231
2296 2232
2301 2233
10560 2234
2302 2235
4534 2236
11913 2237
12516 2238
2304 2239
6778 2240
2932 2241
3970 2242
17408 2243
2307 2244
3376 2245
6706 2246
2310 2247
14093 2248
5081 2249
8349 2250
2321 2251
7066 2252
2324 2253
5431 2254
2325 2255
6868 2256
2334 2257
8472 2258
9504 2259
12109 2260
16389 2261
2341 2262
6078 2263
2351 2264
14043 2265
2357 2266
2364 2267
2366 2268
2369 2269
2715 2270
3670 2271
14810 2272
2374 2273
3627 2274
3926 2275
12118 2276
2389 2277
2396 2278
7473 2279
15040 2280
2397 2281
691 2282
3421 2283
4739 2284
7407 2285
8963 2286
9154 2287
9321 2288
9978 2289
10737 2290
13190 2291
2403 2292
15008 2293
2420 2294
2423 2295
6304 2296
7380 2297
2426 2298
11622 2299
2429 2300
16914 2301
3519 2302
5588 2303
10544 2304
11304 2305
2435 2306
2436 2307
4609 2308
4745 2309
2438 2310
2443 2311
5023 2312
5347 2313
7100 2314
15415 2315
2450 2316
130 2317
2318 2318
2455 2319
2456 2320
10577 2321
2465 2322
8276 2323
10212 2324
2466 2325
3768 2326
2480 2327
3957 2328
13378 2329
2482 2330
2680 2331
8356 2332
2484 2333
8241 2334
2488 2335
2490 2336
5712 2337
1893 2338
2500 2339
3501 2340
4225 2341
6834 2342
12293 2343
13590 2344
14752 2345
14990 2346
18489 2347
2532 2348
2542 2349
3942 2350
7073 2351
8432 2352
10776 2353
17685 2354
2543 2355
2551 2356
2555 2357
300 2358
17168 2359
2926 2360
4861 2361
7955 2362
9579 2363
16347 2364
2561 2365
2563 2366
2568 2367
2572 2368
2575 2369
2577 2370
2581 2371
2582 2372
5159 2373
2590 2374
2593 2375
2597 2376
5989 2377
12722 2378
15398 2379
2354 2380
2607 2381
2611 2382
13614 2383
2612 2384
2615 2385
3031 2386
2616 2387
2618 2388
2620 2389
2623 2390
2624 2391
7527 2392
2630 2393
2633 2394
16001 2395
2636 2396
2638 2397
2645 2398
2648 2399
17025 2400
2657 2401
8215 2402
14856 2403
2664 2404
2665 2405
4307 2406
2670 2407
2676 2408
8338 2409
11380 2410
2471 2411
2691 2412
13132 2413
304 2414
5825 2415
17423 2416
3520 2417
5707 2418
6060 2419
7706 2420
9214 2421
11428 2422
12829 2423
13134 2424
13189 2425
13823 2426
2702 2427
2382 2428
2716 2429
6533 2430
2717 2431
1221 2432
6719 2433
2720 2434
2726 2435
672 2436
8294 2437
2730 2438
2736 2439
9966 2440
2747 2441
2757 2442
3908 2443
11495 2444
12108 2445
17302 2446
2761 2447
15283 2448
2769 2449
2772 2450
2774 2451
3035 2452
4389 2453
5527 2454
5664 2455
16999 2456
2788 2457
3303 2458
3779 2459
2796 2460
2799 2461
2802 2462
2777 2463
10653 2464
2804 2465
12888 2466
2805 2467
2807 2468
12996 2469
2831 2470
2843 2471
6160 2472
2849 2473
969 2474
9440 2475
9834 2476
10188 2477
10818 2478
11036 2479
2850 2480
2856 2481
8699 2482
2862 2483
1545 2484
3235 2485
4130 2486
4780 2487
6484 2488
6641 2489
6777 2490
8184 2491
13172 2492
13550 2493
16792 2494
18629 2495
2875 2496
2881 2497
1093 2498
2890 2499
15320 2500
6725 2501
2896 2502
2899 2503
2900 2504
14766 2505
2908 2506
2921 2507
2924 2508
2928 2509
2936 2510
2938 2511
3943 2512
4709 2513
16762 2514
2940 2515
7896 2516
2949 2517
2954 2518
2956 2519
6713 2520
8706 2521
2964 2522
12057 2523
2971 2524
6813 2525
7001 2526
13404 2527
2974 2528
9707 2529
2996 2530
2997 2531
3014 2532
3015 2533
3024 2534
5568 2535
6415 2536
15354 2537
3036 2538
17179 2539
15098 2540
3048 2541
12448 2542
3054 2543
484 2544
3419 2545
3637 2546
4181 2547
4283 2548
7616 2549
7699 2550
7740 2551
8354 2552
10314 2553
12187 2554
13019 2555
13095 2556
13567 2557
13945 2558
15672 2559
18433 2560
19445 2561
3060 2562
8274 2563
3066 2564
2946 2565
3075 2566
3076 2567
3078 2568
3081 2569
3082 2570
6546 2571
9110 2572
9544 2573
13932 2574
3088 2575
8300 2576
3089 2577
4981 2578
9084 2579
9743 2580
10996 2581
12778 2582
13840 2583
19277 2584
3093 2585
3107 2586
16894 2587
15 2588
3125 2589
3130 2590
3138 2591
3145 2592
3148 2593
3272 2594
9385 2595
10296 2596
11259 2597
13312 2598
13842 2599
19478 2600
3158 2601
3163 2602
4621 2603
5116 2604
5467 2605
5906 2606
7047 2607
8204 2608
9411 2609
9563 2610
10312 2611
10332 2612
11052 2613
11899 2614
11932 2615
11934 2616
11957 2617
11999 2618
12505 2619
12773 2620
12875 2621
12927 2622
12972 2623
13162 2624
13350 2625
13409 2626
13595 2627
13656 2628
13971 2629
14011 2630
14015 2631
14131 2632
14335 2633
14462 2634
14506 2635
14647 2636
14801 2637
14817 2638
15291 2639
15301 2640
15403 2641
15434 2642
15476 2643
15478 2644
15529 2645
15632 2646
15832 2647
15916 2648
15927 2649
16189 2650
16202 2651
16210 2652
16221 2653
16237 2654
16239 2655
16283 2656
16299 2657
16303 2658
16343 2659
16374 2660
16383 2661
16399 2662
16456 2663
16477 2664
16532 2665
16535 2666
16571 2667
16588 2668
16602 2669
16644 2670
16646 2671
16665 2672
16685 2673
16693 2674
16723 2675
16725 2676
16744 2677
16802 2678
16820 2679
16823 2680
16829 2681
16833 2682
16843 2683
16853 2684
17504 2685
17597 2686
17687 2687
17738 2688
17970 2689
18036 2690
18250 2691
18488 2692
18566 2693
18591 2694
18838 2695
19255 2696
19463 2697
3179 2698
3203 2699
3185 2700
3382 2701
3189 2702
4458 2703
3190 2704
3198 2705
3429 2706
3208 2707
6215 2708
3221 2709
7882 2710
4090 2711
8771 2712
9347 2713
9961 2714
12755 2715
3233 2716
5652 2717
6540 2718
7399 2719
11555 2720
16903 2721
4282 2722
3255 2723
7056 2724
11649 2725
4517 2726
3263 2727
3271 2728
13596 2729
2887 2730
16767 2731
3276 2732
1585 2733
3277 2734
4718 2735
13110 2736
13622 2737
3289 2738
3294 2739
12544 2740
3302 2741
3309 2742
3316 2743
3524 2744
9296 2745
14027 2746
3332 2747
2031 2748
3572 2749
4316 2750
6000 2751
7412 2752
8530 2753
9851 2754
10886 2755
3341 2756
8231 2757
5249 2758
7046 2759
7899 2760
19364 2761
3349 2762
3357 2763
3362 2764
14728 2765
3364 2766
1257 2767
3366 2768
3369 2769
3372 2770
3373 2771
3383 2772
3384 2773
6247 2774
3386 2775
3387 2776
8601 2777
3397 2778
3398 2779
9878 2780
3404 2781
4917 2782
6398 2783
3412 2784
917 2785
16375 2786
3413 2787
6340 2788
3426 2789
10129 2790
3452 2791
6391 2792
3458 2793
3459 2794
3462 2795
3464 2796
13541 2797
3473 2798
7084 2799
18886 2800
3481 2801
8305 2802
3486 2803
3488 2804
3495 2805
3499 2806
7633 2807
177 2808
7322 2809
3505 2810
13419 2811
3511 2812
3515 2813
3526 2814
2249 2815
10355 2816
3538 2817
3954 2818
5718 2819
8132 2820
13322 2821
18300 2822
3549 2823
6556 2824
7496 2825
3556 2826
3557 2827
869 2828
6936 2829
12175 2830
18516 2831
3565 2832
1145 2833
3568 2834
2760 2835
5705 2836
7003 2837
8388 2838
12587 2839
3102 2840
3578 2841
3581 2842
8173 2843
11731 2844
17928 2845
19393 2846
8174 2847
8198 2848
3587 2849
3588 2850
3594 2851
3601 2852
18640 2853
3606 2854
3609 2855
3783 2856
8136 2857
10166 2858
11170 2859
12790 2860
13937 2861
15115 2862
16876 2863
17181 2864
14602 2865
5062 2866
8581 2867
10033 2868
11825 2869
13601 2870
4828 2871
7194 2872
11392 2873
16097 2874
3643 2875
3027 2876
3649 2877
8099 2878
5094 2879
3675 2880
3682 2881
3881 2882
7024 2883
8762 2884
10854 2885
12649 2886
3697 2887
3698 2888
3709 2889
3713 2890
1035 2891
9326 2892
16483 2893
3183 2894
7643 2895
9393 2896
10205 2897
11173 2898
3716 2899
12873 2900
3733 2901
3734 2902
3739 2903
3137 2904
3741 2905
3745 2906
4900 2907
3752 2908
17647 2909
3755 2910
4011 2911
7444 2912
8139 2913
8882 2914
8953 2915
13972 2916
8599 2917
11591 2918
12211 2919
3771 2920
3778 2921
3784 2922
6767 2923
3794 2924
3797 2925
3798 2926
3800 2927
4151 2928
4217 2929
4323 2930
6441 2931
6972 2932
7158 2933
7864 2934
17028 2935
18641 2936
3809 2937
3810 2938
10125 2939
5856 2940
9180 2941
9975 2942
12379 2943
12808 2944
13907 2945
3819 2946
3823 2947
6736 2948
18353 2949
3831 2950
3842 2951
3863 2952
5260 2953
15369 2954
3864 2955
15893 2956
3865 2957
6633 2958
3868 2959
2007 2960
15126 2961
3872 2962
3873 2963
4714 2964
5548 2965
3882 2966
6733 2967
3892 2968
3898 2969
3904 2970
3906 2971
6483 2972
3915 2973
3919 2974
3923 2975
12219 2976
3949 2977
3953 2978
17688 2979
3956 2980
5010 2981
13790 2982
16729 2983
3958 2984
4387 2985
10051 2986
3959 2987
4046 2988
13569 2989
16453 2990
3964 2991
3966 2992
3968 2993
3983 2994
3997 2995
13061 2996
3998 2997
4002 2998
10651 2999
18347 3000
19305 3001
4017 3002
6920 3003
4040 3004
4692 3005
429 3006
864 3007
2021 3008
2866 3009
4143 3010
4726 3011
5253 3012
6233 3013
6544 3014
7035 3015
7993 3016
8497 3017
9023 3018
10767 3019
11240 3020
11327 3021
13434 3022
13636 3023
14167 3024
15421 3025
16170 3026
16184 3027
19167 3028
19214 3029
4051 3030
19443 3031
7917 3032
4056 3033
4064 3034
4905 3035
4108 3036
10848 3037
13719 3038
17676 3039
4068 3040
4080 3041
4082 3042
17363 3043
18406 3044
18504 3045
4095 3046
4098 3047
1888 3048
7311 3049
4100 3050
4103 3051
4105 3052
8279 3053
569 3054
1518 3055
2529 3056
4120 3057
4161 3058
4995 3059
4997 3060
7117 3061
7937 3062
8213 3063
9603 3064
9849 3065
14869 3066
15083 3067
16135 3068
16547 3069
16567 3070
17359 3071
17365 3072
18275 3073
18528 3074
18559 3075
18606 3076
18715 3077
19259 3078
4115 3079
4116 3080
4117 3081
4122 3082
4126 3083
2236 3084
4135 3085
12437 3086
4140 3087
7557 3088
11331 3089
4144 3090
10800 3091
4490 3092
599 3093
4791 3094
4852 3095
5751 3096
5973 3097
6906 3098
7343 3099
15363 3100
16402 3101
19050 3102
4169 3103
11208 3104
4176 3105
11816 3106
4178 3107
4179 3108
4367 3109
8346 3110
10421 3111
12731 3112
12734 3113
14841 3114
4186 3115
4188 3116
4191 3117
4196 3118
4203 3119
14365 3120
266 3121
10266 3122
14234 3123
4220 3124
5095 3125
4221 3126
10897 3127
597 3128
5928 3129
9302 3130
15203 3131
4230 3132
4255 3133
8591 3134
9804 3135
9805 3136
13918 3137
16036 3138
4593 3139
15921 3140
11011 3141
4243 3142
9105 3143
11335 3144
15626 3145
4254 3146
5894 3147
4260 3148
7627 3149
12469 3150
4266 3151
10041 3152
4267 3153
12537 3154
4268 3155
4274 3156
7936 3157
4286 3158
4288 3159
7226 3160
4299 3161
4301 3162
4308 3163
11298 3164
4312 3165
9812 3166
4321 3167
4326 3168
4332 3169
4334 3170
4335 3171
5859 3172
6978 3173
1558 3174
5968 3175
14726 3176
4354 3177
4356 3178
5499 3179
14184 3180
18339 3181
18674 3182
8896 3183
4369 3184
4371 3185
8637 3186
4378 3187
9607 3188
13604 3189
4406 3190
4580 3191
4414 3192
4416 3193
4420 3194
4423 3195
4429 3196
4439 3197
4441 3198
3623 3199
4402 3200
4687 3201
15245 3202
14162 3203
4443 3204
14377 3205
4448 3206
4450 3207
4452 3208
4459 3209
13198 3210
4465 3211
4469 3212
3917 3213
4473 3214
7814 3215
14867 3216
4479 3217
6550 3218
20 3219
4846 3220
6647 3221
8112 3222
8657 3223
9505 3224
10226 3225
4488 3226
4489 3227
4133 3228
4495 3229
14212 3230
4498 3231
4506 3232
10446 3233
8630 3234
4523 3235
9976 3236
4645 3237
5637 3238
8394 3239
12989 3240
4535 3241
11470 3242
19 3243
1379 3244
5555 3245
7962 3246
19044 3247
1331 3248
6119 3249
9485 3250
4538 3251
4541 3252
7877 3253
10363 3254
16103 3255
15906 3256
4553 3257
4558 3258
4559 3259
4569 3260
14288 3261
4570 3262
4577 3263
6451 3264
4586 3265
5630 3266
4835 3267
4605 3268
380 3269
3040 3270
6525 3271
16850 3272
19326 3273
4625 3274
4633 3275
4639 3276
4463 3277
4575 3278
7452 3279
7532 3280
8260 3281
9029 3282
9679 3283
10247 3284
10482 3285
12896 3286
4642 3287
6186 3288
4644 3289
4658 3290
4106 3291
10941 3292
4662 3293
822 3294
4665 3295
4671 3296
4681 3297
4689 3298
2979 3299
4691 3300
4694 3301
4701 3302
11996 3303
4707 3304
5285 3305
5379 3306
10523 3307
4711 3308
11012 3309
4719 3310
2123 3311
4729 3312
8853 3313
8854 3314
4733 3315
6807 3316
7946 3317
11220 3318
15577 3319
4775 3320
19470 3321
4782 3322
15969 3323
4785 3324
3049 3325
3993 3326
5502 3327
8951 3328
13578 3329
5498 3330
12455 3331
13280 3332
14317 3333
4796 3334
4803 3335
13938 3336
4808 3337
16422 3338
4455 3339
4815 3340
12030 3341
4817 3342
18638 3343
4837 3344
971 3345
4851 3346
8613 3347
11044 3348
4873 3349
4876 3350
12476 3351
4884 3352
4896 3353
4902 3354
4912 3355
9629 3356
4940 3357
13181 3358
4946 3359
673 3360
982 3361
2157 3362
3087 3363
3835 3364
4964 3365
5172 3366
5419 3367
5692 3368
6555 3369
7136 3370
8070 3371
12613 3372
4966 3373
3209 3374
5236 3375
4969 3376
1118 3377
4988 3378
4994 3379
7601 3380
8602 3381
17360 3382
4999 3383
5012 3384
5019 3385
5028 3386
11271 3387
17704 3388
5036 3389
5037 3390
1673 3391
11063 3392
5040 3393
5795 3394
5052 3395
5054 3396
1734 3397
5055 3398
5063 3399
5064 3400
7906 3401
9375 3402
5075 3403
409 3404
5089 3405
5113 3406
5115 3407
8815 3408
9840 3409
17158 3410
19434 3411
11879 3412
14117 3413
5141 3414
5142 3415
11431 3416
3365 3417
5155 3418
4123 3419
4156 3420
5563 3421
5608 3422
6878 3423
8012 3424
9581 3425
9689 3426
10614 3427
11101 3428
11648 3429
12941 3430
12982 3431
13485 3432
15385 3433
16181 3434
16281 3435
16331 3436
17059 3437
18892 3438
5162 3439
3311 3440
5170 3441
5176 3442
5191 3443
5195 3444
4204 3445
1844 3446
5586 3447
5985 3448
18373 3449
5223 3450
734 3451
5384 3452
5243 3453
5245 3454
5258 3455
7619 3456
8185 3457
9979 3458
11637 3459
5268 3460
5276 3461
7436 3462
8529 3463
15166 3464
5286 3465
5290 3466
5301 3467
5318 3468
8245 3469
2298 3470
4788 3471
5373 3472
7588 3473
11571 3474
13615 3475
5328 3476
5332 3477
5340 3478
5349 3479
5355 3480
5358 3481
5366 3482
5367 3483
5368 3484
5369 3485
5378 3486
9715 3487
5411 3488
5414 3489
5420 3490
5423 3491
5429 3492
5436 3493
5442 3494
5451 3495
1967 3496
11788 3497
12576 3498
5452 3499
8116 3500
5459 3501
5464 3502
5475 3503
5484 3504
5678 3505
5487 3506
11994 3507
5488 3508
5492 3509
14489 3510
5501 3511
4460 3512
5546 3513
9997 3514
5569 3515
5579 3516
5602 3517
5612 3518
5632 3519
15734 3520
8400 3521
11109 3522
11832 3523
6946 3524
10249 3525
5641 3526
5643 3527
12700 3528
5651 3529
5660 3530
5685 3531
5694 3532
7061 3533
5696 3534
5700 3535
5703 3536
4345 3537
8553 3538
5714 3539
2629 3540
6810 3541
5720 3542
18759 3543
5725 3544
17901 3545
5726 3546
5745 3547
10217 3548
5746 3549
5747 3550
12624 3551
5753 3552
5766 3553
5767 3554
5785 3555
2874 3556
10048 3557
11334 3558
13338 3559
10624 3560
5794 3561
5796 3562
7960 3563
5815 3564
5824 3565
4693 3566
9970 3567
10012 3568
12764 3569
143 3570
244 3571
7337 3572
11341 3573
5835 3574
5838 3575
10775 3576
14040 3577
16265 3578
10069 3579
16196 3580
5852 3581
12304 3582
5867 3583
2950 3584
17761 3585
5873 3586
5874 3587
5876 3588
5882 3589
5889 3590
8901 3591
5892 3592
5168 3593
5804 3594
6871 3595
6963 3596
7625 3597
11262 3598
11596 3599
12352 3600
12355 3601
12743 3602
13004 3603
15130 3604
15233 3605
15639 3606
19360 3607
7497 3608
5740 3609
12604 3610
13405 3611
6231 3612
8399 3613
14425 3614
5914 3615
5915 3616
5923 3617
7122 3618
9533 3619
11068 3620
12520 3621
6068 3622
9781 3623
10532 3624
2694 3625
4629 3626
5315 3627
6278 3628
6602 3629
7138 3630
10703 3631
12396 3632
13050 3633
14387 3634
15018 3635
16918 3636
5944 3637
5956 3638
12441 3639
5958 3640
5963 3641
4304 3642
5979 3643
5980 3644
5990 3645
13686 3646
5992 3647
16113 3648
6001 3649
6020 3650
6025 3651
6044 3652
3602 3653
12861 3654
782 3655
3788 3656
9882 3657
6070 3658
6073 3659
6084 3660
6103 3661
10425 3662
6112 3663
6123 3664
2278 3665
6145 3666
6150 3667
13330 3668
6155 3669
1544 3670
6594 3671
8311 3672
6174 3673
6176 3674
8314 3675
6183 3676
6185 3677
14738 3678
6195 3679
4604 3680
6204 3681
6205 3682
8813 3683
6236 3684
2102 3685
8503 3686
6248 3687
6255 3688
8037 3689
12322 3690
14088 3691
7018 3692
12560 3693
6284 3694
6310 3695
6316 3696
11179 3697
6324 3698
6333 3699
2407 3700
6336 3701
6338 3702
19293 3703
6343 3704
6349 3705
6364 3706
6429 3707
6370 3708
6371 3709
6377 3710
9697 3711
6397 3712
8411 3713
13264 3714
6409 3715
6292 3716
7856 3717
9307 3718
10644 3719
1343 3720
10574 3721
6421 3722
6427 3723
2783 3724
6450 3725
10595 3726
6454 3727
1196 3728
3375 3729
4333 3730
11025 3731
13346 3732
820 3733
10198 3734
10457 3735
14412 3736
6465 3737
6468 3738
10891 3739
6479 3740
5110 3741
4673 3742
4887 3743
16701 3744
2663 3745
55 3746
9250 3747
9470 3748
16730 3749
6492 3750
14072 3751
6518 3752
7577 3753
14594 3754
6534 3755
8257 3756
6545 3757
6547 3758
7026 3759
6569 3760
6570 3761
6578 3762
14092 3763
3279 3764
15056 3765
6586 3766
319 3767
6624 3768
12860 3769
1279 3770
8533 3771
9227 3772
15063 3773
6629 3774
6632 3775
6638 3776
12003 3777
6644 3778
2042 3779
7606 3780
7711 3781
7728 3782
9104 3783
6650 3784
3461 3785
3579 3786
6692 3787
6696 3788
3665 3789
9446 3790
12913 3791
6724 3792
12577 3793
423 3794
1542 3795
2562 3796
3408 3797
9651 3798
12496 3799
12702 3800
18481 3801
6746 3802
6754 3803
2835 3804
6758 3805
6759 3806
12233 3807
6760 3808
17637 3809
6762 3810
8082 3811
6681 3812
15272 3813
6768 3814
10552 3815
6769 3816
252 3817
6975 3818
2459 3819
4728 3820
4799 3821
8031 3822
9220 3823
13674 3824
2030 3825
6809 3826
7207 3827
8857 3828
15152 3829
6819 3830
6827 3831
10916 3832
6843 3833
10606 3834
6891 3835
6896 3836
6903 3837
1243 3838
5739 3839
13975 3840
15538 3841
6917 3842
10683 3843
6923 3844
6925 3845
6951 3846
6954 3847
12184 3848
14247 3849
6973 3850
10171 3851
6980 3852
6981 3853
963 3854
6822 3855
6991 3856
2315 3857
7013 3858
7015 3859
7016 3860
16619 3861
7021 3862
1127 3863
7023 3864
12011 3865
12974 3866
14956 3867
15940 3868
16434 3869
16651 3870
16722 3871
18815 3872
7077 3873
7082 3874
7089 3875
2549 3876
11605 3877
7097 3878
7109 3879
7118 3880
13720 3881
7128 3882
7131 3883
7134 3884
7142 3885
7147 3886
133 3887
2068 3888
7108 3889
7617 3890
8736 3891
10282 3892
11054 3893
12893 3894
14066 3895
15864 3896
16954 3897
17639 3898
18321 3899
4004 3900
9319 3901
4853 3902
7160 3903
7171 3904
9088 3905
15232 3906
7205 3907
10020 3908
2787 3909
7229 3910
10149 3911
7230 3912
8977 3913
7239 3914
7245 3915
2969 3916
7260 3917
1703 3918
18414 3919
7261 3920
12964 3921
7282 3922
7283 3923
18007 3924
7299 3925
15566 3926
19413 3927
14028 3928
18119 3929
7324 3930
7329 3931
16487 3932
3552 3933
10207 3934
10802 3935
13898 3936
15487 3937
15645 3938
7341 3939
10465 3940
7345 3941
7350 3942
14808 3943
7362 3944
7373 3945
7376 3946
9359 3947
7398 3948
7406 3949
15510 3950
7413 3951
7417 3952
11578 3953
7419 3954
7424 3955
6199 3956
7438 3957
7522 3958
7445 3959
7447 3960
7454 3961
7461 3962
7462 3963
7348 3964
17045 3965
7486 3966
1632 3967
7489 3968
7492 3969
7505 3970
7540 3971
7543 3972
7544 3973
7552 3974
7553 3975
1106 3976
12179 3977
7566 3978
829 3979
1090 3980
9403 3981
7609 3982
4173 3983
7647 3984
9447 3985
9916 3986
12558 3987
13869 3988
7610 3989
7615 3990
4239 3991
14964 3992
7622 3993
19400 3994
7626 3995
4476 3996
7642 3997
7649 3998
7653 3999
7659 4000
7670 4001
9316 4002
9570 4003
9992 4004
7679 4005
7683 4006
7684 4007
7688 4008
8160 4009
10712 4010
7691 4011
14584 4012
7694 4013
7709 4014
10842 4015
7719 4016
7732 4017
7733 4018
7737 4019
7739 4020
11105 4021
490 4022
12047 4023
7770 4024
10371 4025
7772 4026
7774 4027
7785 4028
7787 4029
7800 4030
8298 4031
4588 4032
7845 4033
8802 4034
13729 4035
2656 4036
4824 4037
10507 4038
7870 4039
6914 4040
7888 4041
7889 4042
17613 4043
7905 4044
6143 4045
7909 4046
13147 4047
7911 4048
16782 4049
17264 4050
7922 4051
7928 4052
7935 4053
8523 4054
7943 4055
7944 4056
7967 4057
2571 4058
8830 4059
7970 4060
7982 4061
11420 4062
4127 4063
7992 4064
8022 4065
169 4066
629 4067
1287 4068
1328 4069
1742 4070
2011 4071
2112 4072
2454 4073
3094 4074
3494 4075
3742 4076
3887 4077
4735 4078
4778 4079
5837 4080
6120 4081
6152 4082
6260 4083
6927 4084
7166 4085
7244 4086
7504 4087
7631 4088
7934 4089
8057 4090
8278 4091
8306 4092
8317 4093
9061 4094
9239 4095
9305 4096
9405 4097
10793 4098
10889 4099
11292 4100
11857 4101
12034 4102
12881 4103
12935 4104
13721 4105
13931 4106
13951 4107
14424 4108
14592 4109
14816 4110
15086 4111
15774 4112
16108 4113
16203 4114
16518 4115
16591 4116
18314 4117
12130 4118
8049 4119
8051 4120
1656 4121
7146 4122
10417 4123
10079 4124
8062 4125
8069 4126
8086 4127
8098 4128
7294 4129
11779 4130
13371 4131
17899 4132
8102 4133
8103 4134
1617 4135
8117 4136
8125 4137
11974 4138
17203 4139
1447 4140
1924 4141
7932 4142
9179 4143
11870 4144
12630 4145
13904 4146
15210 4147
16285 4148
16522 4149
10414 4150
11629 4151
8147 4152
8149 4153
5832 4154
18426 4155
9425 4156
11402 4157
7836 4158
10875 4159
13262 4160
8186 4161
8190 4162
12938 4163
8192 4164
8510 4165
9891 4166
10328 4167
11735 4168
14067 4169
14226 4170
14446 4171
14473 4172
15726 4173
16188 4174
16367 4175
16605 4176
8225 4177
1704 4178
8229 4179
4228 4180
7364 4181
9077 4182
9308 4183
14513 4184
16198 4185
3071 4186
8243 4187
8244 4188
4632 4189
5704 4190
8289 4191
8299 4192
10723 4193
10061 4194
10187 4195
8308 4196
8310 4197
9259 4198
5461 4199
8322 4200
11248 4201
8329 4202
14276 4203
8332 4204
10373 4205
8333 4206
8264 4207
16816 4208
8358 4209
82 4210
5655 4211
7304 4212
8363 4213
8365 4214
8366 4215
8368 4216
8373 4217
8374 4218
8377 4219
3222 4220
12546 4221
8412 4222
8414 4223
8427 4224
8431 4225
8442 4226
8446 4227
604 4228
3144 4229
4915 4230
11763 4231
13202 4232
16825 4233
3604 4234
6744 4235
8481 4236
8493 4237
8500 4238
8509 4239
8537 4240
8558 4241
8583 4242
4310 4243
9273 4244
13506 4245
15475 4246
17665 4247
8603 4248
8605 4249
8608 4250
8609 4251
8622 4252
8628 4253
8639 4254
8640 4255
13502 4256
8676 4257
4666 4258
8687 4259
7546 4260
8726 4261
8729 4262
8733 4263
8735 4264
8740 4265
8741 4266
9306 4267
14437 4268
19087 4269
8751 4270
4395 4271
8765 4272
11869 4273
8780 4274
3939 4275
16862 4276
8787 4277
8792 4278
8795 4279
10597 4280
1347 4281
1862 4282
3532 4283
9772 4284
8801 4285
8820 4286
8833 4287
1329 4288
8850 4289
8867 4290
8868 4291
14030 4292
13192 4293
14542 4294
15285 4295
15540 4296
16568 4297
16625 4298
16828 4299
17281 4300
17353 4301
17954 4302
2427 4303
8003 4304
8925 4305
8933 4306
8945 4307
2904 4308
8954 4309
16900 4310
9003 4311
9004 4312
13044 4313
18341 4314
9010 4315
10168 4316
11008 4317
9034 4318
17734 4319
14336 4320
17672 4321
9073 4322
12668 4323
9085 4324
9156 4325
2933 4326
7503 4327
16386 4328
9167 4329
9189 4330
9199 4331
9201 4332
9216 4333
9217 4334
9225 4335
7157 4336
9230 4337
9247 4338
9264 4339
9268 4340
14666 4341
9276 4342
12741 4343
9338 4344
17518 4345
9351 4346
9364 4347
9372 4348
10470 4349
9392 4350
9407 4351
9410 4352
9413 4353
10812 4354
9419 4355
6997 4356
9429 4357
9432 4358
9439 4359
9445 4360
9458 4361
9461 4362
9462 4363
9463 4364
9465 4365
9471 4366
9472 4367
9476 4368
9483 4369
9490 4370
9499 4371
9568 4372
9510 4373
9538 4374
9541 4375
9556 4376
9561 4377
11703 4378
9598 4379
12475 4380
9605 4381
2878 4382
3749 4383
9922 4384
10122 4385
10184 4386
10454 4387
11162 4388
12046 4389
12191 4390
12207 4391
12704 4392
14119 4393
14748 4394
14838 4395
15118 4396
15405 4397
16044 4398
18432 4399
19439 4400
9621 4401
8909 4402
10965 4403
14670 4404
9641 4405
9652 4406
9662 4407
9666 4408
9667 4409
9672 4410
10539 4411
10796 4412
18389 4413
9673 4414
9687 4415
9716 4416
9717 4417
1321 4418
9732 4419
9739 4420
9742 4421
16933 4422
9756 4423
9775 4424
9777 4425
9782 4426
9787 4427
13701 4428
16777 4429
9808 4430
9838 4431
9909 4432
9852 4433
9863 4434
10402 4435
9864 4436
9869 4437
9871 4438
6593 4439
1841 4440
9048 4441
9931 4442
9933 4443
9941 4444
9942 4445
12221 4446
13337 4447
16524 4448
11071 4449
12286 4450
14280 4451
16951 4452
9987 4453
10004 4454
14017 4455
10008 4456
10091 4457
18447 4458
10118 4459
10121 4460
16695 4461
6698 4462
10137 4463
10141 4464
10145 4465
10148 4466
10154 4467
10162 4468
10175 4469
10182 4470
10181 4471
11543 4472
17403 4473
17960 4474
10210 4475
1181 4476
10219 4477
10225 4478
10240 4479
15438 4480
10242 4481
29 4482
10264 4483
10273 4484
10274 4485
15194 4486
10278 4487
10292 4488
10294 4489
10295 4490
18911 4491
10297 4492
10323 4493
10325 4494
10326 4495
10336 4496
14642 4497
10341 4498
10347 4499
10356 4500
10360 4501
10362 4502
15544 4503
5262 4504
7612 4505
10364 4506
10453 4507
12335 4508
14737 4509
15312 4510
16971 4511
17173 4512
17546 4513
10374 4514
10375 4515
10376 4516
10377 4517
8101 4518
12540 4519
10380 4520
10383 4521
10385 4522
10390 4523
3109 4524
3830 4525
4493 4526
9848 4527
10408 4528
10410 4529
2667 4530
17814 4531
13641 4532
10455 4533
3327 4534
3554 4535
9645 4536
9701 4537
11674 4538
10479 4539
10518 4540
10551 4541
16304 4542
10572 4543
10596 4544
10607 4545
10621 4546
10647 4547
10649 4548
8629 4549
10659 4550
10660 4551
10661 4552
10662 4553
2586 4554
14231 4555
10664 4556
10676 4557
10691 4558
3460 4559
10702 4560
17556 4561
10725 4562
10728 4563
10742 4564
10747 4565
10754 4566
10766 4567
4043 4568
10781 4569
10785 4570
17255 4571
10791 4572
10797 4573
3677 4574
18486 4575
10809 4576
12425 4577
10820 4578
10874 4579
10887 4580
10894 4581
2004 4582
6514 4583
10900 4584
10902 4585
13353 4586
10910 4587
5657 4588
10914 4589
15378 4590
16491 4591
10922 4592
10927 4593
10936 4594
11875 4595
10953 4596
10954 4597
10990 4598
10993 4599
11751 4600
3312 4601
11015 4602
11024 4603
11042 4604
11058 4605
1023 4606
11077 4607
15211 4608
11103 4609
15017 4610
11138 4611
11141 4612
11166 4613
11169 4614
11184 4615
11185 4616
9378 4617
11215 4618
11216 4619
11229 4620
9466 4621
11250 4622
392 4623
1397 4624
2509 4625
5126 4626
10303 4627
11268 4628
11270 4629
3008 4630
9132 4631
12834 4632
11309 4633
11312 4634
11316 4635
11348 4636
11360 4637
18623 4638
18630 4639
11361 4640
11366 4641
11382 4642
11393 4643
11395 4644
11417 4645
11419 4646
11429 4647
11442 4648
11456 4649
11474 4650
12995 4651
17660 4652
11484 4653
11488 4654
11502 4655
11512 4656
11522 4657
11524 4658
2797 4659
11540 4660
11544 4661
11551 4662
11587 4663
6329 4664
11612 4665
10962 4666
11614 4667
11617 4668
14308 4669
11623 4670
3028 4671
11627 4672
11641 4673
11656 4674
11661 4675
11663 4676
11669 4677
11671 4678
11690 4679
6802 4680
11691 4681
11694 4682
11717 4683
15048 4684
11734 4685
11771 4686
1060 4687
3121 4688
7528 4689
12087 4690
11776 4691
11781 4692
11782 4693
11783 4694
19410 4695
11792 4696
11823 4697
11844 4698
11851 4699
11852 4700
18401 4701
11855 4702
18067 4703
16540 4704
16687 4705
17715 4706
17989 4707
11878 4708
5412 4709
18344 4710
11882 4711
16577 4712
11887 4713
11890 4714
11891 4715
11906 4716
11907 4717
706 4718
18156 4719
11924 4720
11930 4721
11931 4722
11939 4723
11958 4724
3002 4725
11973 4726
11982 4727
11983 4728
11985 4729
6919 4730
16340 4731
12031 4732
12053 4733
1821 4734
12703 4735
12089 4736
12096 4737
12102 4738
15176 4739
12104 4740
12121 4741
12131 4742
12141 4743
12149 4744
12154 4745
12160 4746
12166 4747
3077 4748
11723 4749
12168 4750
12170 4751
12183 4752
11274 4753
4237 4754
11819 4755
14339 4756
15352 4757
19318 4758
12231 4759
1950 4760
12252 4761
12254 4762
12262 4763
12281 4764
12283 4765
12296 4766
12297 4767
12301 4768
17259 4769
12306 4770
12315 4771
12324 4772
12337 4773
12338 4774
12342 4775
12348 4776
15549 4777
12356 4778
2376 4779
3936 4780
9507 4781
12389 4782
5073 4783
12404 4784
3410 4785
12434 4786
12446 4787
12453 4788
10412 4789
12477 4790
12483 4791
13397 4792
12497 4793
16970 4794
12502 4795
4149 4796
9741 4797
14603 4798
16741 4799
12521 4800
1499 4801
17182 4802
12534 4803
12538 4804
12554 4805
18655 4806
12564 4807
7952 4808
12579 4809
12585 4810
5813 4811
12586 4812
12194 4813
12602 4814
8525 4815
12643 4816
12645 4817
12648 4818
12662 4819
12664 4820
4965 4821
12682 4822
12697 4823
12706 4824
9670 4825
12713 4826
12719 4827
14271 4828
12765 4829
12782 4830
12783 4831
1305 4832
12838 4833
12844 4834
12855 4835
12856 4836
12857 4837
12858 4838
7850 4839
12859 4840
3353 4841
7704 4842
1712 4843
12871 4844
16045 4845
12876 4846
12887 4847
12478 4848
13644 4849
12902 4850
12909 4851
12926 4852
1588 4853
12933 4854
8040 4855
3210 4856
12951 4857
12957 4858
12984 4859
13000 4860
13001 4861
13012 4862
13034 4863
13038 4864
13081 4865
12789 4866
13103 4867
13104 4868
13109 4869
13112 4870
13131 4871
13139 4872
13145 4873
13152 4874
459 4875
1446 4876
3120 4877
3817 4878
4337 4879
7866 4880
13159 4881
12001 4882
13211 4883
13221 4884
13227 4885
13243 4886
13246 4887
13281 4888
13283 4889
13285 4890
13287 4891
13298 4892
8230 4893
13304 4894
13315 4895
6860 4896
14121 4897
3161 4898
4298 4899
5511 4900
7041 4901
8482 4902
14914 4903
15735 4904
13344 4905
3916 4906
13386 4907
13387 4908
13388 4909
13390 4910
19251 4911
13432 4912
2897 4913
13456 4914
13461 4915
13480 4916
5409 4917
13489 4918
13500 4919
13534 4920
14674 4921
13549 4922
4505 4923
13554 4924
13566 4925
1945 4926
9811 4927
13574 4928
6411 4929
10456 4930
13639 4931
13643 4932
9329 4933
15463 4934
13645 4935
13651 4936
12863 4937
13703 4938
6481 4939
8562 4940
15108 4941
2505 4942
13726 4943
13730 4944
13736 4945
13744 4946
13756 4947
13761 4948
13772 4949
13781 4950
13058 4951
13791 4952
13803 4953
13817 4954
13863 4955
13889 4956
13899 4957
13910 4958
13944 4959
13950 4960
13960 4961
13961 4962
13978 4963
14002 4964
212 4965
15384 4966
14029 4967
14058 4968
14068 4969
14097 4970
14134 4971
14138 4972
14140 4973
14141 4974
14147 4975
13665 4976
14176 4977
4136 4978
14177 4979
14178 4980
5313 4981
14198 4982
14209 4983
14216 4984
6829 4985
14272 4986
14321 4987
14326 4988
1237 4989
15016 4990
16430 4991
14350 4992
14353 4993
14358 4994
14362 4995
14364 4996
3063 4997
930 4998
2475 4999
3571 5000
6280 5001
14405 5002
14418 5003
19472 5004
14421 5005
14445 5006
14451 5007
14494 5008
3101 5009
15785 5010
8560 5011
14511 5012
14540 5013
14541 5014
14547 5015
14554 5016
1459 5017
14580 5018
14604 5019
14614 5020
14617 5021
1869 5022
10512 5023
14645 5024
14656 5025
14657 5026
14667 5027
14675 5028
14678 5029
3608 5030
8651 5031
14685 5032
14689 5033
1668 5034
12068 5035
11107 5036
14725 5037
14747 5038
14756 5039
4222 5040
14772 5041
14793 5042
14800 5043
14812 5044
14827 5045
14839 5046
16006 5047
14908 5048
14963 5049
14968 5050
14978 5051
15038 5052
14985 5053
16815 5054
14999 5055
4567 5056
15032 5057
15033 5058
15035 5059
15042 5060
4415 5061
15050 5062
15052 5063
15058 5064
15738 5065
15065 5066
15073 5067
6137 5068
16711 5069
15088 5070
15276 5071
16390 5072
16410 5073
16679 5074
15097 5075
3200 5076
15104 5077
15105 5078
15107 5079
15113 5080
15125 5081
15139 5082
15142 5083
15163 5084
15167 5085
5497 5086
15224 5087
2794 5088
3625 5089
5139 5090
7296 5091
9050 5092
11082 5093
14828 5094
15242 5095
15243 5096
15244 5097
15248 5098
15252 5099
15265 5100
18109 5101
15275 5102
15286 5103
15294 5104
15297 5105
15326 5106
1431 5107
7636 5108
15331 5109
7161 5110
12810 5111
15348 5112
17434 5113
15351 5114
15357 5115
15361 5116
2194 5117
3072 5118
3530 5119
12894 5120
15143 5121
18984 5122
4961 5123
11624 5124
15413 5125
12816 5126
1318 5127
17253 5128
1153 5129
15471 5130
2054 5131
12819 5132
15531 5133
16338 5134
17669 5135
15541 5136
2398 5137
8246 5138
9935 5139
13260 5140
17454 5141
19481 5142
15567 5143
15576 5144
19350 5145
15610 5146
15616 5147
15627 5148
15649 5149
15646 5150
15663 5151
4626 5152
15700 5153
15701 5154
5854 5155
15711 5156
15761 5157
15801 5158
651 5159
15818 5160
15824 5161
14552 5162
15846 5163
8714 5164
15859 5165
15867 5166
15881 5167
15905 5168
2291 5169
9495 5170
15934 5171
10506 5172
16017 5173
16020 5174
16043 5175
16087 5176
1511 5177
7279 5178
13210 5179
16177 5180
16183 5181
16194 5182
16515 5183
16213 5184
16216 5185
16222 5186
18256 5187
16232 5188
16234 5189
16238 5190
16259 5191
17728 5192
16263 5193
10920 5194
16275 5195
13779 5196
16277 5197
224 5198
16321 5199
16322 5200
2292 5201
16350 5202
16360 5203
16382 5204
16384 5205
16418 5206
16437 5207
14120 5208
2789 5209
16479 5210
16502 5211
16514 5212
16523 5213
16530 5214
1373 5215
5734 5216
6267 5217
9067 5218
10100 5219
13691 5220
14715 5221
18783 5222
19019 5223
4324 5224
16668 5225
16600 5226
16734 5227
16609 5228
16628 5229
16638 5230
16672 5231
16675 5232
5205 5233
16720 5234
16721 5235
4672 5236
16750 5237
122 5238
16780 5239
16809 5240
16697 5241
10056 5242
16821 5243
428 5244
7238 5245
19039 5246
16830 5247
7251 5248
3981 5249
9832 5250
17564 5251
16871 5252
16872 5253
16882 5254
16897 5255
16942 5256
9149 5257
19257 5258
16944 5259
16947 5260
16956 5261
17457 5262
16962 5263
16994 5264
16998 5265
17004 5266
17021 5267
17030 5268
17035 5269
17042 5270
17157 5271
17160 5272
17165 5273
17180 5274
17202 5275
17208 5276
17214 5277
17249 5278
6501 5279
17276 5280
17293 5281
17297 5282
17311 5283
17317 5284
17357 5285
17361 5286
17432 5287
17450 5288
17475 5289
5737 5290
17557 5291
17566 5292
17627 5293
17628 5294
17638 5295
11733 5296
17649 5297
17697 5298
17698 5299
17712 5300
17718 5301
17731 5302
5084 5303
17795 5304
17838 5305
17840 5306
17842 5307
17904 5308
17909 5309
17919 5310
17923 5311
17927 5312
17936 5313
17950 5314
17953 5315
17955 5316
17975 5317
17978 5318
18024 5319
18056 5320
18117 5321
18128 5322
18139 5323
18170 5324
18251 5325
18255 5326
18267 5327
18279 5328
18286 5329
16297 5330
18301 5331
18616 5332
18635 5333
18636 5334
18642 5335
18978 5336
18309 5337
18320 5338
2134 5339
13759 5340
17164 5341
17166 5342
18387 5343
18330 5344
18359 5345
18374 5346
18381 5347
6373 5348
18409 5349
8504 5350
18466 5351
18473 5352
1265 5353
13010 5354
18563 5355
18610 5356
18621 5357
18626 5358
18631 5359
18637 5360
3443 5361
18644 5362
18645 5363
18652 5364
18701 5365
18726 5366
1501 5367
18810 5368
18827 5369
4311 5370
18955 5371
18975 5372
18989 5373
18981 5374
18993 5375
18996 5376
5621 5377
19024 5378
19030 5379
6803 5380
19036 5381
19040 5382
10052 5383
19052 5384
1596 5385
19230 5386
19242 5387
19302 5388
19370 5389
19383 5390
19418 5391
19465 5392
