6 0
2023 1
2823 2
6644 3
10 4
4749 5
5059 6
5697 7
17674 8
19 9
16375 10
21 11
8109 12
8575 13
9882 14
11016 15
16881 16
26 17
1244 18
2871 19
2881 20
3302 21
3813 22
7378 23
8015 24
8591 25
9261 26
9765 27
9945 28
10552 29
12074 30
12318 31
13493 32
28 33
714 34
1245 35
1801 36
7507 37
11685 38
13748 39
32 40
7327 41
39 42
3624 43
11153 44
12076 45
51 46
1504 47
1780 48
52 49
12310 50
54 51
160 52
14834 53
59 54
5976 55
12710 56
15232 57
16097 58
68 59
2870 60
10149 61
71 62
2467 63
8694 64
12210 65
74 66
271 67
1548 68
18640 69
75 70
6482 71
78 72
310 73
615 74
2553 75
4261 76
4792 77
7061 78
8432 79
10776 80
15953 81
17685 82
90 83
921 84
1971 85
2842 86
3011 87
4053 88
4219 89
6410 90
7256 91
8032 92
8186 93
9162 94
9495 95
12676 96
13572 97
15921 98
92 99
5929 100
11194 101
102 102
7279 103
17006 104
103 105
177 106
268 107
6353 108
107 109
1515 110
109 111
684 112
3075 113
3924 114
8905 115
9937 116
11859 117
112 118
348 119
937 120
1172 121
1311 122
1379 123
1493 124
1623 125
1970 126
2452 127
3204 128
3559 129
4234 130
5968 131
6222 132
6880 133
7115 134
8097 135
8100 136
8512 137
8614 138
10185 139
10824 140
11251 141
12192 142
12299 143
12394 144
12870 145
12872 146
12916 147
12924 148
15254 149
15758 150
15909 151
16378 152
16386 153
16423 154
16564 155
16587 156
17163 157
17167 158
17175 159
18886 160
125 161
6059 162
17714 163
127 164
3096 165
8078 166
13755 167
16173 168
16200 169
16392 170
19303 171
128 172
13189 173
130 174
2318 175
7643 176
134 177
1512 178
9155 179
15703 180
143 181
16475 182
146 183
1995 184
2063 185
5324 186
147 187
460 188
811 189
1085 190
2163 191
3590 192
7148 193
12764 194
164 195
1302 196
4735 197
7087 198
168 199
4982 200
5712 201
11572 202
175 203
650 204
3032 205
7204 206
181 207
1904 208
3388 209
16935 210
185 211
8070 212
9237 213
188 214
7066 215
195 216
691 217
2268 218
9069 219
9883 220
15334 221
15906 222
196 223
3714 224
4483 225
197 226
572 227
3303 228
6027 229
6191 230
8033 231
8208 232
8294 233
11085 234
218 235
6700 236
222 237
7497 238
225 239
3628 240
4235 241
6257 242
227 243
375 244
771 245
1835 246
1892 247
2637 248
3228 249
5187 250
5819 251
5998 252
6258 253
6318 254
7101 255
7422 256
7627 257
7914 258
10250 259
13577 260
15626 261
18346 262
229 263
1520 264
1638 265
2056 266
6087 267
11723 268
13318 269
243 270
4716 271
250 272
5621 273
12013 274
252 275
1635 276
1636 277
1914 278
3759 279
6975 280
266 281
3800 282
3898 283
10614 284
270 285
6847 286
1482 287
3637 288
4615 289
9319 290
274 291
6818 292
291 293
1755 294
2717 295
12340 296
14004 297
295 298
3594 299
3634 300
8281 301
302 302
12855 303
304 304
2003 305
309 306
1656 307
2551 308
4225 309
6075 310
6542 311
17408 312
312 313
1286 314
4754 315
325 316
331 317
6082 318
335 319
220 320
823 321
1043 322
4344 323
4829 324
5595 325
8627 326
8908 327
8996 328
13996 329
15250 330
344 331
1743 332
346 333
1215 334
1327 335
2234 336
2932 337
3970 338
350 339
3907 340
356 341
357 342
10314 343
368 344
1545 345
4252 346
8110 347
10701 348
45 349
2347 350
4482 351
5197 352
8414 353
10439 354
12149 355
378 356
7942 357
379 358
16680 359
384 360
859 361
1301 362
1532 363
3154 364
4795 365
5051 366
5119 367
5669 368
5817 369
6097 370
6274 371
6423 372
7958 373
8092 374
9412 375
9964 376
10253 377
10328 378
10414 379
11235 380
11703 381
11896 382
12011 383
12322 384
12656 385
12726 386
12799 387
12840 388
12927 389
12931 390
12966 391
13280 392
13971 393
14067 394
14175 395
14317 396
14446 397
14455 398
14473 399
14819 400
15285 401
15457 402
15477 403
15478 404
15533 405
15540 406
15937 407
16006 408
16045 409
16096 410
16128 411
16132 412
16271 413
16367 414
16370 415
16411 416
16445 417
16447 418
16452 419
16480 420
16613 421
16651 422
16661 423
16688 424
16722 425
16793 426
16826 427
16847 428
17022 429
17251 430
17610 431
18543 432
18639 433
18757 434
18838 435
391 436
8023 437
15369 438
393 439
7962 440
398 441
12057 442
401 443
8469 444
13540 445
411 446
557 447
3337 448
4088 449
9930 450
412 451
422 452
7194 453
423 454
426 455
2387 456
429 457
786 458
431 459
665 460
7451 461
7948 462
11806 463
13607 464
18282 465
432 466
2760 467
444 468
3372 469
448 470
3336 471
11451 472
449 473
3636 474
450 475
4569 476
6833 477
11518 478
454 479
4660 480
690 481
1026 482
2136 483
5414 484
5806 485
7670 486
8061 487
9665 488
11621 489
14119 490
462 491
4980 492
466 493
468 494
3511 495
3776 496
6340 497
470 498
14505 499
471 500
11422 501
18407 502
477 503
3460 504
478 505
2789 506
7496 507
8472 508
480 509
1509 510
1860 511
13599 512
482 513
12545 514
487 515
5370 516
493 517
498 518
503 519
3817 520
6798 521
511 522
5137 523
516 524
2184 525
519 526
2409 527
3754 528
522 529
13158 530
18489 531
533 532
2539 533
7345 534
7713 535
8173 536
8922 537
14999 538
16720 539
16741 540
534 541
5041 542
6503 543
546 544
2029 545
3335 546
7003 547
7740 548
548 549
1188 550
2377 551
4960 552
8379 553
12457 554
549 555
285 556
552 557
555 558
12587 559
560 560
82 561
571 562
1086 563
2323 564
6144 565
11106 566
13220 567
13764 568
576 569
1571 570
3182 571
7645 572
586 573
6238 574
589 575
5612 576
595 577
1698 578
600 579
6148 580
601 581
14092 582
603 583
604 584
605 585
607 586
17605 587
614 588
18576 589
809 590
3856 591
5807 592
6886 593
7237 594
10565 595
11523 596
12836 597
13646 598
13718 599
618 600
1566 601
2702 602
3519 603
3769 604
4163 605
7728 606
8115 607
8394 608
11024 609
12377 610
12989 611
16248 612
631 613
641 614
3374 615
2058 616
3091 617
3229 618
3740 619
15742 620
654 621
7058 622
663 623
668 624
17664 625
676 626
679 627
16415 628
682 629
1009 630
2124 631
5066 632
6187 633
12384 634
16276 635
688 636
2199 637
910 638
7337 639
8969 640
692 641
1443 642
715 643
7488 644
10170 645
14410 646
723 647
740 648
8299 649
743 650
827 651
4003 652
7232 653
7571 654
10053 655
744 656
2248 657
13550 658
13945 659
15080 660
756 661
15073 662
762 663
5878 664
763 665
768 666
769 667
4896 668
776 669
1157 670
14816 671
779 672
1903 673
781 674
6083 675
6745 676
7900 677
782 678
8578 679
783 680
9235 681
1369 682
2866 683
5180 684
8075 685
8954 686
11001 687
12179 688
800 689
5856 690
805 691
808 692
12508 693
17002 694
12157 695
13018 696
16726 697
19368 698
814 699
815 700
822 701
825 702
2639 703
13682 704
831 705
16365 706
833 707
1165 708
3421 709
5428 710
7788 711
7933 712
7937 713
11719 714
839 715
12750 716
14018 717
847 718
6252 719
850 720
6690 721
17630 722
854 723
2139 724
3042 725
5484 726
6427 727
12416 728
12510 729
13068 730
14911 731
17600 732
19028 733
855 734
4967 735
856 736
5502 737
6263 738
2078 739
5210 740
7257 741
8805 742
10258 743
14485 744
16284 745
16698 746
16764 747
19181 748
864 749
2175 750
6273 751
865 752
8106 753
15426 754
876 755
8025 756
12995 757
879 758
2964 759
884 760
12584 761
887 762
15031 763
892 764
17403 765
895 766
4672 767
900 768
901 769
3883 770
7747 771
16339 772
903 773
8813 774
17160 775
905 776
6581 777
16433 778
906 779
907 780
4185 781
7417 782
9139 783
908 784
2374 785
3635 786
4242 787
5900 788
13405 789
914 790
1138 791
5529 792
916 793
996 794
2380 795
4299 796
4802 797
6498 798
6891 799
9483 800
12031 801
13487 802
18451 803
919 804
920 805
2420 806
1659 807
6508 808
8753 809
10793 810
11056 811
11297 812
14602 813
15911 814
924 815
7207 816
928 817
930 818
932 819
1534 820
10033 821
941 822
1516 823
5785 824
9013 825
10742 826
17394 827
950 828
1735 829
2954 830
5569 831
11820 832
15275 833
952 834
957 835
5874 836
7471 837
13279 838
15354 839
962 840
966 841
973 842
10129 843
16304 844
987 845
1501 846
8291 847
10102 848
993 849
7244 850
4306 851
6030 852
8526 853
11007 854
12585 855
14460 856
15816 857
999 858
433 859
1011 860
1313 861
1773 862
2116 863
2450 864
3538 865
3554 866
4548 867
4551 868
5404 869
5419 870
5831 871
7896 872
10320 873
13347 874
14614 875
15113 876
17125 877
2926 878
4149 879
4164 880
10397 881
10888 882
12309 883
13620 884
14066 885
17928 886
1014 887
2085 888
4165 889
6540 890
7253 891
12289 892
1020 893
3321 894
3373 895
7112 896
9632 897
14738 898
15539 899
1021 900
8052 901
1024 902
4550 903
1105 904
1422 905
2670 906
1031 907
4474 908
1033 909
3995 910
15706 911
1035 912
5381 913
2948 914
1050 915
1053 916
1055 917
6652 918
1056 919
1058 920
3211 921
1064 922
1631 923
1066 924
9294 925
1075 926
278 927
7856 928
1076 929
1077 930
2718 931
3349 932
4788 933
4902 934
5301 935
7094 936
10869 937
12395 938
16654 939
1079 940
1725 941
2150 942
5926 943
8745 944
1081 945
8217 946
1737 947
3399 948
6417 949
9345 950
9802 951
10500 952
12358 953
13053 954
19360 955
1089 956
6898 957
11642 958
1093 959
3683 960
1102 961
17028 962
1103 963
4060 964
4913 965
5632 966
7531 967
14716 968
1099 969
7613 970
1112 971
5312 972
1120 973
6593 974
1123 975
2854 976
1126 977
2743 978
1127 979
6050 980
1128 981
3857 982
4909 983
1129 984
1131 985
1134 986
1135 987
2549 988
1886 989
3579 990
5563 991
1139 992
1141 993
1146 994
1169 995
1372 996
3961 997
4711 998
4755 999
11695 1000
17003 1001
1154 1002
2601 1003
8331 1004
1159 1005
8398 1006
1174 1007
1177 1008
1183 1009
1184 1010
2052 1011
1186 1012
1496 1013
1719 1014
1940 1015
2276 1016
2369 1017
2386 1018
2389 1019
2727 1020
3539 1021
3627 1022
3779 1023
5195 1024
5739 1025
6384 1026
8112 1027
8132 1028
10200 1029
10203 1030
10921 1031
11543 1032
19450 1033
627 1034
1145 1035
1321 1036
2584 1037
2669 1038
3726 1039
5400 1040
6094 1041
7476 1042
10282 1043
10790 1044
11261 1045
13690 1046
15612 1047
17475 1048
1189 1049
9499 1050
1191 1051
1195 1052
367 1053
1196 1054
1197 1055
7309 1056
1199 1057
5648 1058
1201 1059
1207 1060
6265 1061
1211 1062
13998 1063
1212 1064
3842 1065
12102 1066
1219 1067
1776 1068
1225 1069
1859 1070
1226 1071
1232 1072
9291 1073
1236 1074
2397 1075
13679 1076
13974 1077
1239 1078
13525 1079
1240 1080
1243 1081
3524 1082
6367 1083
1247 1084
2337 1085
6929 1086
15218 1087
16575 1088
1253 1089
4098 1090
1254 1091
1494 1092
2277 1093
6714 1094
7624 1095
7971 1096
10175 1097
10242 1098
12558 1099
14040 1100
1259 1101
4349 1102
7572 1103
7751 1104
7905 1105
12488 1106
1266 1107
15245 1108
1268 1109
1271 1110
1277 1111
464 1112
2484 1113
3179 1114
3927 1115
5158 1116
5601 1117
8022 1118
12882 1119
1283 1120
4361 1121
1284 1122
5707 1123
1285 1124
1287 1125
10069 1126
1290 1127
11884 1128
1293 1129
5872 1130
1299 1131
8750 1132
1308 1133
1854 1134
1316 1135
3378 1136
1323 1137
3406 1138
1324 1139
12806 1140
1325 1141
1337 1142
1353 1143
4223 1144
16982 1145
17761 1146
1354 1147
1609 1148
3775 1149
1356 1150
11788 1151
1357 1152
1362 1153
6295 1154
6409 1155
8256 1156
12900 1157
1363 1158
1365 1159
1370 1160
1375 1161
1377 1162
12930 1163
1378 1164
1384 1165
12180 1166
1392 1167
1394 1168
2391 1169
1396 1170
1398 1171
6398 1172
10349 1173
1402 1174
1343 1175
1408 1176
1412 1177
1242 1178
1664 1179
2482 1180
7532 1181
7672 1182
9217 1183
12941 1184
14748 1185
18363 1186
1414 1187
2605 1188
5014 1189
1416 1190
2451 1191
13300 1192
1417 1193
18614 1194
1418 1195
14247 1196
1427 1197
4496 1198
16896 1199
1437 1200
1438 1201
9177 1202
1441 1203
3896 1204
6119 1205
8802 1206
10644 1207
1447 1208
2875 1209
7551 1210
1450 1211
1451 1212
8411 1213
1453 1214
1454 1215
1455 1216
5560 1217
14544 1218
1456 1219
14765 1220
1468 1221
1470 1222
9359 1223
1472 1224
16903 1225
1488 1226
12737 1227
14922 1228
1498 1229
3128 1230
1500 1231
1505 1232
1506 1233
6521 1234
12022 1235
13586 1236
15943 1237
18516 1238
1514 1239
1385 1240
5535 1241
1518 1242
1899 1243
3815 1244
1523 1245
9792 1246
1524 1247
3923 1248
1528 1249
1530 1250
14096 1251
1531 1252
16882 1253
1603 1254
6324 1255
10259 1256
11611 1257
11897 1258
12213 1259
12511 1260
13461 1261
13610 1262
13741 1263
14572 1264
15147 1265
15225 1266
15571 1267
15785 1268
16374 1269
16658 1270
16747 1271
17345 1272
17353 1273
17684 1274
18085 1275
18594 1276
18751 1277
18778 1278
1539 1279
2094 1280
2636 1281
4105 1282
4848 1283
8213 1284
9849 1285
12474 1286
12926 1287
16547 1288
1541 1289
1544 1290
5461 1291
3001 1292
12996 1293
16512 1294
17546 1295
1546 1296
1552 1297
5052 1298
8136 1299
8757 1300
1554 1301
944 1302
1561 1303
3462 1304
1567 1305
1568 1306
1570 1307
1587 1308
3203 1309
17709 1310
1572 1311
10423 1312
1573 1313
2496 1314
2775 1315
3536 1316
4094 1317
4409 1318
5149 1319
7150 1320
16170 1321
1579 1322
18497 1323
1584 1324
1598 1325
1599 1326
5116 1327
8510 1328
10312 1329
11052 1330
11899 1331
11932 1332
13162 1333
13705 1334
14015 1335
14226 1336
15570 1337
16137 1338
16354 1339
16444 1340
16533 1341
16571 1342
16744 1343
16823 1344
17037 1345
17597 1346
17954 1347
1600 1348
1602 1349
16515 1350
1604 1351
4305 1352
5212 1353
8592 1354
9861 1355
14028 1356
16628 1357
17681 1358
18072 1359
18119 1360
1605 1361
1606 1362
3648 1363
1616 1364
6754 1365
1617 1366
3049 1367
1620 1368
16313 1369
1621 1370
1625 1371
1626 1372
1629 1373
1998 1374
3314 1375
4172 1376
1643 1377
1644 1378
1646 1379
9916 1380
1651 1381
6152 1382
1658 1383
12046 1384
3192 1385
9280 1386
10871 1387
12191 1388
1660 1389
18389 1390
7988 1391
13332 1392
1691 1393
1692 1394
4286 1395
1697 1396
9105 1397
10139 1398
11335 1399
14288 1400
1700 1401
2703 1402
1706 1403
1708 1404
6366 1405
14902 1406
1709 1407
1713 1408
12808 1409
5718 1410
11050 1411
16316 1412
1722 1413
15544 1414
1413 1415
1933 1416
2677 1417
3864 1418
4964 1419
5537 1420
6068 1421
6871 1422
7136 1423
9074 1424
10438 1425
10984 1426
13216 1427
14441 1428
15130 1429
15203 1430
15233 1431
15443 1432
16036 1433
19323 1434
1727 1435
2282 1436
2973 1437
8236 1438
1752 1439
17059 1440
1754 1441
1759 1442
4340 1443
17155 1444
1784 1445
1790 1446
1794 1447
1795 1448
3639 1449
4248 1450
10547 1451
13433 1452
13483 1453
16696 1454
1812 1455
1813 1456
3578 1457
1820 1458
7205 1459
1823 1460
6518 1461
9199 1462
11090 1463
1827 1464
1851 1465
8799 1466
9306 1467
1853 1468
1855 1469
3070 1470
5573 1471
6189 1472
13506 1473
14207 1474
1862 1475
1872 1476
3902 1477
1875 1478
1877 1479
15295 1480
1879 1481
1887 1482
6418 1483
3702 1484
15196 1485
1900 1486
2545 1487
5341 1488
6236 1489
7439 1490
13262 1491
15041 1492
16331 1493
16848 1494
377 1495
15059 1496
1905 1497
1908 1498
9210 1499
1912 1500
11068 1501
1915 1502
1922 1503
4324 1504
1929 1505
1931 1506
18447 1507
6601 1508
7459 1509
1946 1510
12065 1511
1955 1512
1958 1513
5236 1514
1959 1515
5955 1516
11771 1517
1961 1518
4861 1519
9579 1520
10600 1521
13966 1522
1962 1523
17912 1524
1964 1525
14841 1526
15142 1527
1975 1528
1977 1529
1980 1530
1982 1531
1991 1532
1992 1533
8585 1534
10902 1535
11535 1536
2010 1537
2012 1538
2014 1539
2018 1540
7661 1541
2020 1542
16333 1543
12274 1544
2027 1545
7355 1546
2429 1547
6978 1548
12796 1549
14968 1550
2032 1551
2042 1552
8560 1553
8796 1554
2045 1555
2049 1556
5290 1557
8356 1558
9227 1559
2055 1560
4429 1561
7013 1562
9220 1563
11616 1564
4154 1565
4281 1566
4389 1567
4427 1568
6817 1569
10158 1570
2059 1571
2066 1572
11654 1573
2081 1574
9396 1575
2083 1576
2312 1577
2557 1578
5652 1579
2087 1580
13096 1581
14300 1582
2097 1583
2099 1584
11908 1585
2106 1586
2112 1587
4570 1588
2115 1589
2118 1590
7862 1591
2128 1592
2135 1593
1400 1594
2137 1595
5771 1596
8892 1597
13404 1598
2149 1599
13427 1600
6014 1601
10706 1602
2164 1603
2166 1604
6783 1605
2167 1606
3332 1607
4072 1608
6982 1609
7067 1610
8491 1611
2185 1612
2189 1613
2192 1614
1837 1615
4664 1616
7440 1617
9484 1618
14188 1619
9109 1620
2212 1621
4385 1622
2216 1623
2228 1624
2230 1625
6070 1626
2241 1627
8062 1628
16562 1629
2244 1630
851 1631
2256 1632
8274 1633
2261 1634
2401 1635
2694 1636
4566 1637
10092 1638
11368 1639
2275 1640
6453 1641
6812 1642
9889 1643
15378 1644
2280 1645
2284 1646
2300 1647
2302 1648
6733 1649
11913 1650
2305 1651
2307 1652
3376 1653
4452 1654
4465 1655
4546 1656
5786 1657
6878 1658
7943 1659
8925 1660
9611 1661
9731 1662
10052 1663
11696 1664
13211 1665
13889 1666
14239 1667
2310 1668
764 1669
7278 1670
2315 1671
3954 1672
4014 1673
9098 1674
9908 1675
12528 1676
12675 1677
13590 1678
2324 1679
4689 1680
4796 1681
10545 1682
12576 1683
12741 1684
2334 1685
3701 1686
2335 1687
3403 1688
5436 1689
6772 1690
7325 1691
12109 1692
17179 1693
2788 1694
5081 1695
5464 1696
6078 1697
7004 1698
13061 1699
13210 1700
19188 1701
2351 1702
2352 1703
11994 1704
2356 1705
10927 1706
2364 1707
2366 1708
15845 1709
2440 1710
9638 1711
14377 1712
2370 1713
3286 1714
6158 1715
6994 1716
7766 1717
14134 1718
14810 1719
2373 1720
5745 1721
2382 1722
2383 1723
506 1724
746 1725
2695 1726
3451 1727
4537 1728
12118 1729
13213 1730
16310 1731
16670 1732
17635 1733
19008 1734
8911 1735
13562 1736
16491 1737
17168 1738
18300 1739
2396 1740
2403 1741
2692 1742
2886 1743
2404 1744
3926 1745
2412 1746
10574 1747
2414 1748
2418 1749
3392 1750
7025 1751
2423 1752
1025 1753
6304 1754
19044 1755
2427 1756
9347 1757
2430 1758
10733 1759
11331 1760
2435 1761
2438 1762
4255 1763
7997 1764
11830 1765
2443 1766
7100 1767
15415 1768
2007 1769
2465 1770
10212 1771
2477 1772
9447 1773
7996 1774
9570 1775
2487 1776
2051 1777
2490 1778
13062 1779
2495 1780
11672 1781
2498 1782
13823 1783
2499 1784
7510 1785
15021 1786
2500 1787
2502 1788
4046 1789
19381 1790
2523 1791
16662 1792
2524 1793
16183 1794
2542 1795
2543 1796
5576 1797
12670 1798
2550 1799
9490 1800
4157 1801
8198 1802
12293 1803
10406 1804
2560 1805
3334 1806
2561 1807
2572 1808
16711 1809
2577 1810
8051 1811
2582 1812
11268 1813
2593 1814
7138 1815
2597 1816
2616 1817
3438 1818
5972 1819
10020 1820
11082 1821
13938 1822
15363 1823
15398 1824
2615 1825
2618 1826
2631 1827
15700 1828
2633 1829
569 1830
1442 1831
3413 1832
4139 1833
7601 1834
11651 1835
12640 1836
2665 1837
3830 1838
7836 1839
2686 1840
8276 1841
9715 1842
2691 1843
1976 1844
3540 1845
4422 1846
6691 1847
7203 1848
9624 1849
9884 1850
12602 1851
15649 1852
2693 1853
441 1854
11532 1855
5588 1856
2712 1857
2714 1858
2715 1859
3134 1860
1221 1861
2720 1862
6284 1863
14231 1864
16524 1865
1997 1866
2977 1867
4182 1868
9494 1869
11604 1870
2734 1871
2755 1872
1407 1873
8657 1874
2757 1875
12108 1876
1654 1877
2769 1878
3035 1879
4166 1880
8046 1881
2779 1882
2782 1883
5656 1884
2793 1885
2794 1886
2799 1887
2804 1888
11002 1889
2807 1890
2816 1891
2825 1892
2249 1893
3998 1894
2843 1895
2849 1896
14606 1897
2850 1898
2893 1899
8894 1900
15055 1901
2856 1902
2873 1903
10607 1904
14384 1905
2887 1906
2892 1907
2899 1908
2900 1909
14766 1910
2902 1911
2908 1912
15829 1913
2915 1914
7160 1915
2924 1916
11549 1917
14838 1918
17669 1919
2937 1920
2947 1921
8620 1922
2949 1923
3888 1924
5048 1925
5891 1926
6963 1927
11902 1928
12115 1929
15578 1930
2428 1931
3052 1932
4659 1933
7606 1934
8839 1935
9504 1936
11358 1937
12302 1938
16471 1939
2956 1940
2958 1941
2966 1942
2971 1943
2976 1944
6966 1945
2995 1946
4002 1947
2997 1948
3037 1949
4130 1950
10581 1951
12247 1952
3003 1953
3015 1954
3036 1955
3770 1956
6054 1957
9104 1958
11438 1959
3048 1960
328 1961
6583 1962
10818 1963
17708 1964
3053 1965
3055 1966
1380 1967
18433 1968
3063 1969
13942 1970
3066 1971
3478 1972
5058 1973
12769 1974
3077 1975
3081 1976
3082 1977
6389 1978
13281 1979
13932 1980
3086 1981
3087 1982
3093 1983
6484 1984
11137 1985
16233 1986
3101 1987
3102 1988
3113 1989
3117 1990
16211 1991
3125 1992
10453 1993
3130 1994
3131 1995
8548 1996
3138 1997
14027 1998
3153 1999
770 2000
3156 2001
6748 2002
8396 2003
3163 2004
3183 2005
14808 2006
3185 2007
3382 2008
3200 2009
16675 2010
8622 2011
3205 2012
8792 2013
3214 2014
6347 2015
16590 2016
3221 2017
7882 2018
3234 2019
8119 2020
3236 2021
3237 2022
8874 2023
3238 2024
3249 2025
10398 2026
3255 2027
3256 2028
4327 2029
5477 2030
10750 2031
3271 2032
13596 2033
3273 2034
3276 2035
1585 2036
3277 2037
662 2038
845 2039
2563 2040
3865 2041
4846 2042
5685 2043
6633 2044
7546 2045
8695 2046
9250 2047
9470 2048
13622 2049
7483 2050
10858 2051
3310 2052
3798 2053
19478 2054
3312 2055
3316 2056
4720 2057
9296 2058
3320 2059
518 2060
2031 2061
2308 2062
3501 2063
3572 2064
3980 2065
4123 2066
4181 2067
4316 2068
4370 2069
5063 2070
5237 2071
5293 2072
5360 2073
5429 2074
5668 2075
6000 2076
6432 2077
6962 2078
7412 2079
7699 2080
8354 2081
8376 2082
9458 2083
9851 2084
9869 2085
9921 2086
10360 2087
10370 2088
10754 2089
12175 2090
13567 2091
14281 2092
15105 2093
17154 2094
17226 2095
19052 2096
3341 2097
9393 2098
3345 2099
10916 2100
3357 2101
3362 2102
3364 2103
1257 2104
8937 2105
3380 2106
3383 2107
3386 2108
8601 2109
3391 2110
3395 2111
11179 2112
3398 2113
9878 2114
3401 2115
3838 2116
6279 2117
8837 2118
13601 2119
3412 2120
917 2121
15746 2122
3417 2123
5069 2124
3419 2125
3426 2126
3429 2127
2278 2128
6363 2129
6439 2130
7739 2131
3449 2132
10960 2133
3458 2134
1592 2135
4859 2136
3465 2137
3471 2138
3126 2139
8142 2140
8165 2141
16059 2142
3481 2143
3483 2144
3486 2145
3488 2146
4959 2147
3495 2148
1477 2149
16782 2150
3499 2151
3176 2152
7633 2153
3503 2154
4963 2155
3513 2156
3516 2157
1162 2158
3498 2159
5528 2160
5802 2161
7918 2162
9258 2163
9373 2164
3531 2165
3532 2166
2462 2167
3549 2168
4915 2169
5026 2170
3550 2171
3915 2172
6556 2173
3557 2174
869 2175
3565 2176
3567 2177
3568 2178
3571 2179
3575 2180
3576 2181
14670 2182
3589 2183
6680 2184
8338 2185
4236 2186
13496 2187
14365 2188
19364 2189
4388 2190
5267 2191
5913 2192
8214 2193
11320 2194
3599 2195
3601 2196
7527 2197
3606 2198
11429 2199
5495 2200
5703 2201
7215 2202
7356 2203
7866 2204
12790 2205
12937 2206
17293 2207
5062 2208
8308 2209
12303 2210
13814 2211
16555 2212
3630 2213
3631 2214
6694 2215
4640 2216
3872 2217
5364 2218
6638 2219
6894 2220
8038 2221
8857 2222
9541 2223
9979 2224
10156 2225
5626 2226
8498 2227
10509 2228
16783 2229
3675 2230
3677 2231
10298 2232
3680 2233
3682 2234
633 2235
4205 2236
5088 2237
7955 2238
8881 2239
12130 2240
12379 2241
17317 2242
19039 2243
3692 2244
3709 2245
3713 2246
9326 2247
4590 2248
6921 2249
11173 2250
12203 2251
3720 2252
14127 2253
16577 2254
3733 2255
7427 2256
3734 2257
14404 2258
3741 2259
3755 2260
6614 2261
16691 2262
3767 2263
8139 2264
11680 2265
13149 2266
14798 2267
17009 2268
1676 2269
4365 2270
9273 2271
3778 2272
10329 2273
4350 2274
10432 2275
3784 2276
784 2277
9422 2278
10198 2279
4426 2280
9214 2281
3801 2282
9385 2283
12700 2284
16246 2285
3819 2286
10730 2287
10796 2288
3823 2289
3827 2290
10651 2291
3834 2292
3849 2293
3850 2294
3851 2295
3863 2296
11012 2297
3866 2298
3875 2299
3877 2300
5747 2301
3882 2302
7157 2303
3892 2304
425 2305
3031 2306
3881 2307
6763 2308
2810 2309
4066 2310
4559 2311
7314 2312
8823 2313
15312 2314
15643 2315
16780 2316
17272 2317
18426 2318
3908 2319
3916 2320
3919 2321
1747 2322
13419 2323
817 2324
3931 2325
3936 2326
7467 2327
3942 2328
3956 2329
13615 2330
3957 2331
5010 2332
2407 2333
6333 2334
8871 2335
3971 2336
7357 2337
3991 2338
3996 2339
3997 2340
7539 2341
3510 2342
8951 2343
9292 2344
14359 2345
16947 2346
4005 2347
14832 2348
4011 2349
4022 2350
10712 2351
4040 2352
8128 2353
4049 2354
4683 2355
9680 2356
4056 2357
11823 2358
12973 2359
16338 2360
4083 2361
12609 2362
4090 2363
7187 2364
1888 2365
7859 2366
15813 2367
4101 2368
4108 2369
4115 2370
4116 2371
4117 2372
4120 2373
4127 2374
4129 2375
1751 2376
3876 2377
5548 2378
4132 2379
4133 2380
4134 2381
4143 2382
4144 2383
5073 2384
10256 2385
4147 2386
18892 2387
4161 2388
4162 2389
4853 2390
5619 2391
9547 2392
12141 2393
4170 2394
4173 2395
4176 2396
11816 2397
4178 2398
7206 2399
13016 2400
13390 2401
13674 2402
4367 2403
12731 2404
4191 2405
4197 2406
7243 2407
4217 2408
14234 2409
4220 2410
4221 2411
5095 2412
597 2413
3609 2414
10859 2415
12947 2416
4232 2417
4241 2418
10532 2419
4282 2420
11841 2421
4288 2422
7226 2423
4297 2424
7332 2425
14806 2426
4301 2427
4318 2428
13172 2429
4321 2430
2602 2431
4326 2432
18207 2433
4328 2434
4332 2435
5423 2436
4333 2437
4334 2438
4528 2439
10241 2440
11724 2441
13614 2442
13723 2443
13790 2444
4335 2445
5859 2446
4356 2447
4360 2448
10425 2449
14184 2450
10137 2451
4371 2452
8637 2453
4373 2454
11570 2455
4375 2456
4377 2457
8945 2458
4387 2459
10051 2460
17901 2461
2274 2462
5358 2463
9106 2464
17704 2465
4392 2466
4397 2467
4401 2468
11622 2469
4402 2470
4239 2471
4415 2472
4416 2473
4419 2474
4420 2475
7219 2476
4423 2477
4439 2478
4440 2479
4441 2480
2096 2481
10954 2482
16910 2483
4443 2484
13949 2485
4450 2486
14277 2487
4467 2488
4469 2489
3917 2490
5743 2491
6329 2492
4470 2493
11470 2494
4472 2495
10766 2496
7814 2497
4488 2498
4489 2499
5328 2500
7423 2501
4493 2502
4506 2503
4195 2504
4520 2505
4523 2506
1967 2507
4526 2508
4534 2509
7711 2510
4536 2511
5555 2512
7271 2513
10615 2514
4541 2515
4545 2516
11023 2517
16420 2518
19305 2519
4557 2520
4567 2521
5516 2522
7295 2523
13187 2524
4577 2525
6451 2526
4588 2527
4594 2528
4606 2529
10817 2530
4608 2531
9777 2532
4610 2533
6525 2534
4621 2535
6268 2536
10255 2537
10461 2538
11894 2539
12773 2540
13132 2541
15947 2542
16062 2543
16605 2544
4632 2545
4639 2546
8260 2547
4646 2548
4656 2549
4237 2550
10112 2551
4106 2552
7588 2553
8363 2554
10941 2555
17395 2556
4662 2557
4665 2558
4673 2559
4674 2560
4692 2561
4697 2562
4701 2563
1789 2564
5728 2565
4707 2566
6736 2567
4710 2568
1084 2569
14390 2570
4714 2571
4718 2572
4719 2573
15329 2574
4731 2575
4733 2576
9078 2577
12207 2578
13904 2579
16807 2580
4757 2581
4740 2582
4764 2583
4785 2584
9322 2585
583 2586
5284 2587
9471 2588
2225 2589
4558 2590
5249 2591
5451 2592
4799 2593
4806 2594
8325 2595
4807 2596
4819 2597
4823 2598
4828 2599
4835 2600
1763 2601
11036 2602
11413 2603
18638 2604
4851 2605
4854 2606
15969 2607
14356 2608
4884 2609
6385 2610
10780 2611
11189 2612
12788 2613
4920 2614
4937 2615
15408 2616
4942 2617
4946 2618
6269 2619
4948 2620
4957 2621
3433 2622
14767 2623
4965 2624
13359 2625
4970 2626
5764 2627
4979 2628
6459 2629
6848 2630
10884 2631
11547 2632
15656 2633
4997 2634
4999 2635
5366 2636
5475 2637
6606 2638
10727 2639
11071 2640
5019 2641
11649 2642
5034 2643
5035 2644
16767 2645
5036 2646
4169 2647
7302 2648
5065 2649
19318 2650
12982 2651
16451 2652
16750 2653
7649 2654
5089 2655
5105 2656
5107 2657
5113 2658
8810 2659
13595 2660
14607 2661
18537 2662
18760 2663
19000 2664
5123 2665
5132 2666
2647 2667
5309 2668
7638 2669
12438 2670
5142 2671
11431 2672
5695 2673
7001 2674
10805 2675
5164 2676
12789 2677
5170 2678
5176 2679
5178 2680
5185 2681
3816 2682
5191 2683
373 2684
4203 2685
4204 2686
7895 2687
8594 2688
9154 2689
9607 2690
10980 2691
11134 2692
11870 2693
12869 2694
6159 2695
9142 2696
5231 2697
5243 2698
6377 2699
5245 2700
5260 2701
5268 2702
5276 2703
7436 2704
5625 2705
5289 2706
12654 2707
5295 2708
11484 2709
5316 2710
8801 2711
9967 2712
5325 2713
6149 2714
11571 2715
5347 2716
5355 2717
9687 2718
11587 2719
17958 2720
1027 2721
15756 2722
5367 2723
5368 2724
1588 2725
5040 2726
5369 2727
5372 2728
5378 2729
5379 2730
5384 2731
5390 2732
5397 2733
5407 2734
5437 2735
5411 2736
501 2737
6555 2738
8327 2739
13407 2740
16366 2741
5420 2742
5422 2743
4653 2744
5459 2745
5467 2746
7291 2747
18353 2748
5487 2749
5498 2750
5499 2751
6372 2752
7288 2753
10934 2754
16920 2755
5505 2756
5522 2757
5526 2758
10936 2759
5527 2760
7846 2761
5546 2762
5551 2763
16818 2764
16281 2765
5568 2766
13147 2767
5594 2768
7168 2769
14169 2770
5890 2771
14353 2772
14603 2773
15734 2774
5637 2775
5640 2776
67 2777
11633 2778
5664 2779
5678 2780
5696 2781
5702 2782
5780 2783
6725 2784
12990 2785
5708 2786
4184 2787
9342 2788
5720 2789
8942 2790
18759 2791
5726 2792
11637 2793
5730 2794
5734 2795
16001 2796
137 2797
10217 2798
13664 2799
6877 2800
12624 2801
5751 2802
1935 2803
2269 2804
10307 2805
11751 2806
13333 2807
5767 2808
1163 2809
5784 2810
12674 2811
4015 2812
5727 2813
5790 2814
5796 2815
5804 2816
12829 2817
12469 2818
12539 2819
5811 2820
2101 2821
5815 2822
4296 2823
4463 2824
7452 2825
9679 2826
10482 2827
16353 2828
18781 2829
5824 2830
5825 2831
5836 2832
5838 2833
5844 2834
5846 2835
5849 2836
5852 2837
5867 2838
7307 2839
5876 2840
5882 2841
5888 2842
5889 2843
12534 2844
11596 2845
12552 2846
5893 2847
5894 2848
5895 2849
5896 2850
6226 2851
7512 2852
7878 2853
9015 2854
11292 2855
5903 2856
3560 2857
10748 2858
5906 2859
9410 2860
5915 2861
19393 2862
5923 2863
1118 2864
5943 2865
10703 2866
14790 2867
5973 2868
6380 2869
5980 2870
5982 2871
5991 2872
5990 2873
12544 2874
13686 2875
5993 2876
3222 2877
6009 2878
6012 2879
4626 2880
6026 2881
14017 2882
6044 2883
6048 2884
6067 2885
6084 2886
6096 2887
6102 2888
6103 2889
6112 2890
6118 2891
6129 2892
6138 2893
6145 2894
3727 2895
6162 2896
6167 2897
6174 2898
6204 2899
17213 2900
6176 2901
8314 2902
6201 2903
6210 2904
6221 2905
6224 2906
7514 2907
7869 2908
18744 2909
6228 2910
18485 2911
6229 2912
6231 2913
6255 2914
8037 2915
6277 2916
6280 2917
7229 2918
9034 2919
6281 2920
6283 2921
6301 2922
6316 2923
6317 2924
10128 2925
6327 2926
2283 2927
6337 2928
4860 2929
14120 2930
6345 2931
15376 2932
6364 2933
6370 2934
13717 2935
6371 2936
6376 2937
13720 2938
6479 2939
18344 2940
6382 2941
2208 2942
16305 2943
6397 2944
6402 2945
2962 2946
711 2947
6737 2948
7868 2949
11483 2950
12810 2951
17255 2952
19370 2953
15159 2954
6416 2955
6421 2956
1953 2957
6813 2958
7264 2959
8400 2960
13408 2961
6444 2962
6445 2963
6454 2964
6458 2965
7284 2966
6465 2967
6466 2968
894 2969
911 2970
2676 2971
10544 2972
11107 2973
17423 2974
6483 2975
6489 2976
13885 2977
6490 2978
6513 2979
7577 2980
282 2981
14594 2982
6523 2983
15866 2984
6533 2985
2969 2986
7399 2987
9441 2988
6544 2989
6545 2990
6547 2991
11882 2992
6578 2993
6585 2994
6603 2995
6607 2996
6608 2997
6622 2998
11733 2999
6626 3000
6629 3001
8388 3002
19033 3003
4151 3004
7158 3005
13110 3006
6634 3007
6958 3008
8164 3009
9689 3010
15108 3011
6645 3012
6659 3013
9997 3014
6692 3015
6719 3016
6724 3017
6740 3018
6742 3019
6356 3020
6747 3021
9248 3022
4961 3023
6758 3024
6759 3025
12233 3026
17637 3027
6760 3028
6762 3029
6767 3030
11731 3031
6768 3032
6769 3033
14111 3034
6786 3035
6789 3036
6807 3037
6808 3038
6809 3039
4460 3040
6810 3041
1756 3042
10539 3043
13378 3044
11101 3045
11942 3046
6819 3047
6825 3048
17025 3049
6834 3050
10061 3051
6839 3052
6843 3053
6846 3054
6852 3055
10856 3056
6896 3057
6900 3058
6901 3059
14666 3060
6903 3061
16388 3062
6923 3063
6924 3064
1810 3065
8973 3066
6931 3067
1556 3068
6944 3069
6954 3070
12448 3071
13023 3072
14367 3073
18191 3074
6956 3075
13010 3076
366 3077
6973 3078
10171 3079
13995 3080
6980 3081
6989 3082
6999 3083
12819 3084
7005 3085
7006 3086
1069 3087
12362 3088
7015 3089
7017 3090
2936 3091
6777 3092
17289 3093
7018 3094
7021 3095
1176 3096
2591 3097
15322 3098
5272 3099
7035 3100
7043 3101
7047 3102
7059 3103
7070 3104
14387 3105
7077 3106
7088 3107
7118 3108
7122 3109
7128 3110
3526 3111
10355 3112
15166 3113
7134 3114
4685 3115
610 3116
2068 3117
6136 3118
7161 3119
7617 3120
8174 3121
9772 3122
9836 3123
16181 3124
16918 3125
4838 3126
7171 3127
7201 3128
9268 3129
5608 3130
7225 3131
7233 3132
7455 3133
7238 3134
7245 3135
7251 3136
7260 3137
7373 3138
12873 3139
7269 3140
6323 3141
7287 3142
8116 3143
7306 3144
16618 3145
7322 3146
16721 3147
7324 3148
4304 3149
7326 3150
1181 3151
1256 3152
2725 3153
3381 3154
6707 3155
8099 3156
8850 3157
10207 3158
10961 3159
11641 3160
12497 3161
15487 3162
16379 3163
17449 3164
5332 3165
8034 3166
9440 3167
9794 3168
11930 3169
16541 3170
18256 3171
7351 3172
1864 3173
8528 3174
7383 3175
7398 3176
7418 3177
7419 3178
7084 3179
15622 3180
7426 3181
7434 3182
7444 3183
7445 3184
7447 3185
10323 3186
5174 3187
7454 3188
7481 3189
7490 3190
1630 3191
4449 3192
5055 3193
17045 3194
7502 3195
7505 3196
13957 3197
11428 3198
7544 3199
8607 3200
7550 3201
15384 3202
16285 3203
7552 3204
7553 3205
7566 3206
6467 3207
7593 3208
2108 3209
11221 3210
7594 3211
7595 3212
7607 3213
7609 3214
7610 3215
7615 3216
7616 3217
13643 3218
6412 3219
13537 3220
7582 3221
8496 3222
9320 3223
7654 3224
7659 3225
7667 3226
570 3227
5131 3228
7449 3229
19410 3230
7683 3231
7684 3232
7688 3233
1704 3234
7701 3235
12451 3236
7709 3237
7732 3238
7746 3239
10647 3240
6696 3241
8608 3242
11898 3243
12047 3244
13195 3245
18707 3246
7774 3247
7798 3248
7808 3249
6046 3250
7809 3251
7819 3252
7841 3253
7845 3254
7857 3255
7870 3256
7877 3257
7888 3258
7906 3259
7909 3260
7915 3261
7917 3262
7922 3263
7935 3264
12156 3265
7946 3266
7947 3267
9042 3268
12723 3269
16352 3270
16362 3271
19094 3272
7959 3273
7960 3274
11309 3275
7967 3276
2571 3277
8830 3278
7979 3279
7993 3280
795 3281
1825 3282
4778 3283
6260 3284
6927 3285
8588 3286
9107 3287
10889 3288
11857 3289
12090 3290
12658 3291
14424 3292
15032 3293
15356 3294
15747 3295
16203 3296
16794 3297
18314 3298
13579 3299
8040 3300
10236 3301
1999 3302
3742 3303
5285 3304
10999 3305
13729 3306
14719 3307
4624 3308
9961 3309
8067 3310
8069 3311
17510 3312
10836 3313
1808 3314
5795 3315
8082 3316
8086 3317
8098 3318
5405 3319
7294 3320
17899 3321
505 3322
9970 3323
17676 3324
7210 3325
8117 3326
8118 3327
8125 3328
11974 3329
13181 3330
16347 3331
8144 3332
8147 3333
8166 3334
8177 3335
8181 3336
8182 3337
8183 3338
997 3339
9392 3340
8187 3341
8190 3342
8191 3343
13875 3344
8204 3345
12972 3346
8216 3347
8225 3348
6872 3349
8231 3350
8237 3351
8242 3352
8243 3353
8264 3354
8268 3355
8269 3356
8270 3357
8278 3358
8279 3359
8282 3360
9707 3361
6034 3362
10077 3363
10723 3364
8300 3365
8311 3366
8318 3367
8333 3368
8345 3369
11135 3370
8348 3371
8362 3372
8366 3373
8374 3374
8377 3375
2963 3376
3855 3377
5279 3378
7668 3379
8435 3380
9768 3381
17088 3382
10512 3383
11832 3384
10168 3385
8399 3386
1824 3387
4081 3388
6664 3389
6861 3390
8448 3391
8503 3392
8506 3393
8509 3394
16237 3395
16526 3396
8529 3397
3993 3398
8533 3399
16872 3400
8551 3401
8552 3402
9597 3403
12475 3404
15243 3405
8553 3406
4345 3407
8558 3408
4663 3409
11019 3410
8562 3411
8568 3412
1712 3413
9621 3414
11996 3415
13202 3416
14502 3417
17211 3418
17212 3419
8999 3420
8583 3421
4310 3422
8611 3423
8658 3424
8667 3425
8703 3426
8706 3427
8736 3428
8765 3429
10336 3430
11869 3431
16303 3432
16687 3433
8780 3434
3939 3435
2062 3436
8960 3437
8793 3438
5262 3439
170 3440
8806 3441
8809 3442
16689 3443
8811 3444
8820 3445
2972 3446
8833 3447
8847 3448
4268 3449
8854 3450
12441 3451
8867 3452
8875 3453
7509 3454
8888 3455
8896 3456
8901 3457
9891 3458
10337 3459
10449 3460
12842 3461
13192 3462
13469 3463
14088 3464
14342 3465
14540 3466
14956 3467
15916 3468
16299 3469
16477 3470
16625 3471
16685 3472
16820 3473
17281 3474
18591 3475
18599 3476
19326 3477
11025 3478
8913 3479
8923 3480
8927 3481
8933 3482
8948 3483
8949 3484
10499 3485
8953 3486
3654 3487
8989 3488
9003 3489
9004 3490
3019 3491
9032 3492
9049 3493
13243 3494
9051 3495
10208 3496
14692 3497
9053 3498
7750 3499
14728 3500
9070 3501
12938 3502
9073 3503
9085 3504
9086 3505
10523 3506
9125 3507
9129 3508
9150 3509
7503 3510
9167 3511
9173 3512
9652 3513
12613 3514
15286 3515
18414 3516
9179 3517
9189 3518
9194 3519
9208 3520
6293 3521
9222 3522
9252 3523
9256 3524
9259 3525
7377 3526
16924 3527
16964 3528
16992 3529
17590 3530
9276 3531
9278 3532
1474 3533
2979 3534
9364 3535
12128 3536
9372 3537
57 3538
9377 3539
9388 3540
4717 3541
9681 3542
10493 3543
9390 3544
15089 3545
9397 3546
9405 3547
9409 3548
10332 3549
11735 3550
12890 3551
14131 3552
14425 3553
14506 3554
14542 3555
15016 3556
15291 3557
15301 3558
15632 3559
15726 3560
15832 3561
16240 3562
16283 3563
16769 3564
18036 3565
18566 3566
18756 3567
9411 3568
9563 3569
15884 3570
16275 3571
9413 3572
9416 3573
9419 3574
13350 3575
9428 3576
9439 3577
11939 3578
9446 3579
8353 3580
9460 3581
9461 3582
9472 3583
939 3584
9493 3585
4497 3586
9568 3587
12516 3588
16867 3589
9505 3590
9507 3591
9557 3592
9977 3593
9598 3594
19439 3595
9628 3596
10965 3597
9644 3598
9651 3599
9653 3600
9663 3601
11743 3602
12975 3603
9667 3604
9672 3605
11311 3606
9673 3607
1355 3608
9629 3609
9732 3610
9743 3611
9747 3612
9748 3613
4775 3614
9754 3615
526 3616
9756 3617
9775 3618
9787 3619
10854 3620
9804 3621
9829 3622
1292 3623
9863 3624
9864 3625
9871 3626
18147 3627
14022 3628
9895 3629
9899 3630
9901 3631
9910 3632
5001 3633
2622 3634
9933 3635
19277 3636
9942 3637
9944 3638
9969 3639
9998 3640
10004 3641
10012 3642
18326 3643
10030 3644
10034 3645
6788 3646
10039 3647
10041 3648
15818 3649
10091 3650
10118 3651
10121 3652
712 3653
7080 3654
11364 3655
12443 3656
13012 3657
13842 3658
18911 3659
10122 3660
14957 3661
10145 3662
6215 3663
10162 3664
10165 3665
13370 3666
10187 3667
10189 3668
10213 3669
4399 3670
10225 3671
10249 3672
12389 3673
10257 3674
2053 3675
7261 3676
10264 3677
10273 3678
8645 3679
10278 3680
10285 3681
10292 3682
10294 3683
10295 3684
15379 3685
12868 3686
9466 3687
16443 3688
16829 3689
19357 3690
6190 3691
12162 3692
11934 3693
17279 3694
10335 3695
12554 3696
16210 3697
16535 3698
16843 3699
10347 3700
10354 3701
535 3702
10660 3703
12734 3704
10383 3705
10386 3706
10390 3707
15881 3708
10399 3709
10400 3710
10408 3711
13510 3712
13672 3713
13190 3714
16914 3715
10445 3716
15421 3717
10454 3718
10468 3719
10471 3720
9701 3721
10488 3722
7276 3723
10505 3724
11271 3725
10533 3726
10543 3727
878 3728
6233 3729
16243 3730
7263 3731
19036 3732
10551 3733
10562 3734
10572 3735
10597 3736
9805 3737
10654 3738
10658 3739
10661 3740
10662 3741
4688 3742
10663 3743
10664 3744
10691 3745
10700 3746
10702 3747
8211 3748
10710 3749
10716 3750
10725 3751
10797 3752
10842 3753
1672 3754
3142 3755
10874 3756
10877 3757
10882 3758
10887 3759
1249 3760
6428 3761
10900 3762
4210 3763
10914 3764
16432 3765
11875 3766
10953 3767
2298 3768
10956 3769
10969 3770
10996 3771
16511 3772
12861 3773
15458 3774
15931 3775
18432 3776
11018 3777
11020 3778
16111 3779
11033 3780
16293 3781
11093 3782
11109 3783
11141 3784
585 3785
11162 3786
11169 3787
11184 3788
11196 3789
11220 3790
11223 3791
7053 3792
11227 3793
2301 3794
6310 3795
18307 3796
11253 3797
2505 3798
11273 3799
5079 3800
4136 3801
9132 3802
11792 3803
15137 3804
15655 3805
16236 3806
17702 3807
11321 3808
11327 3809
11338 3810
11342 3811
11360 3812
7117 3813
11361 3814
11378 3815
11397 3816
10216 3817
12445 3818
11402 3819
11419 3820
2060 3821
11462 3822
702 3823
4405 3824
11488 3825
11495 3826
11512 3827
3663 3828
11516 3829
2448 3830
3736 3831
5061 3832
11522 3833
16017 3834
11540 3835
11544 3836
5835 3837
11591 3838
11614 3839
11631 3840
11663 3841
11690 3842
6802 3843
11694 3844
18574 3845
10184 3846
11710 3847
9603 3848
11734 3849
15374 3850
11763 3851
11772 3852
11778 3853
8494 3854
13575 3855
11813 3856
10767 3857
11826 3858
11829 3859
12817 3860
11855 3861
11864 3862
14647 3863
18815 3864
11887 3865
11889 3866
11890 3867
12455 3868
11906 3869
11907 3870
11915 3871
3040 3872
7927 3873
19255 3874
11933 3875
11973 3876
11983 3877
11999 3878
14462 3879
15927 3880
16476 3881
16853 3882
17253 3883
5979 3884
12211 3885
17665 3886
12028 3887
12062 3888
12064 3889
12072 3890
877 3891
12082 3892
12083 3893
12091 3894
13264 3895
12095 3896
12097 3897
15088 3898
15176 3899
12133 3900
14510 3901
12154 3902
9223 3903
17290 3904
10230 3905
16518 3906
12189 3907
1399 3908
9184 3909
12221 3910
12254 3911
12280 3912
12281 3913
12286 3914
12296 3915
4535 3916
12297 3917
7911 3918
12301 3919
17259 3920
844 3921
16876 3922
18466 3923
12315 3924
12324 3925
14020 3926
12338 3927
12339 3928
12342 3929
12348 3930
659 3931
4462 3932
15549 3933
12356 3934
1869 3935
12371 3936
12383 3937
12381 3938
16620 3939
12386 3940
12414 3941
5067 3942
12447 3943
9079 3944
12454 3945
10210 3946
617 3947
1463 3948
3161 3949
6278 3950
10737 3951
11054 3952
11334 3953
13223 3954
15592 3955
16954 3956
17639 3957
12459 3958
16135 3959
12479 3960
12483 3961
12485 3962
12499 3963
12505 3964
12520 3965
9741 3966
12875 3967
12974 3968
13656 3969
14076 3970
14326 3971
14887 3972
15403 3973
15529 3974
16188 3975
16189 3976
16221 3977
16383 3978
16399 3979
16434 3980
16479 3981
16588 3982
16693 3983
16725 3984
12538 3985
3209 3986
12560 3987
12574 3988
2558 3989
8523 3990
12579 3991
13019 3992
5813 3993
2341 3994
3974 3995
7498 3996
10417 3997
12194 3998
14657 3999
12606 4000
12621 4001
15569 4002
12622 4003
12625 4004
3810 4005
12634 4006
12645 4007
12649 4008
12668 4009
12703 4010
16990 4011
12747 4012
16948 4013
12776 4014
1305 4015
12793 4016
104 4017
11957 4018
14608 4019
16455 4020
17504 4021
12800 4022
12831 4023
17679 4024
12846 4025
12860 4026
17402 4027
12871 4028
12902 4029
308 4030
12908 4031
12909 4032
12913 4033
12942 4034
12945 4035
3638 4036
12949 4037
12951 4038
12957 4039
12984 4040
14257 4041
14597 4042
14143 4043
14246 4044
18117 4045
13013 4046
4319 4047
13034 4048
13038 4049
13043 4050
13046 4051
10885 4052
13050 4053
5101 4054
11128 4055
13055 4056
13095 4057
13109 4058
459 4059
545 4060
990 4061
1446 4062
3120 4063
5388 4064
6791 4065
7548 4066
11259 4067
16124 4068
6739 4069
13214 4070
3397 4071
13227 4072
13246 4073
6183 4074
9463 4075
13282 4076
982 4077
13283 4078
13286 4079
13288 4080
8478 4081
13304 4082
5554 4083
13312 4084
13315 4085
13322 4086
13338 4087
16615 4088
13344 4089
13346 4090
13351 4091
13354 4092
13357 4093
13387 4094
13388 4095
13397 4096
13403 4097
9314 4098
13409 4099
13428 4100
13432 4101
13434 4102
9811 4103
13440 4104
13485 4105
13534 4106
13541 4107
13544 4108
13554 4109
11737 4110
13569 4111
13570 4112
13574 4113
6678 4114
10023 4115
4283 4116
6205 4117
8474 4118
14717 4119
13611 4120
13613 4121
1721 4122
2544 4123
3729 4124
13631 4125
7361 4126
13651 4127
13701 4128
13708 4129
13719 4130
13759 4131
13761 4132
13772 4133
13787 4134
13794 4135
13817 4136
13820 4137
13828 4138
13832 4139
13835 4140
13853 4141
13866 4142
13869 4143
3089 4144
9084 4145
13786 4146
14914 4147
13908 4148
13910 4149
13944 4150
13111 4151
3212 4152
12639 4153
5614 4154
14002 4155
14010 4156
14011 4157
16713 4158
4484 4159
4831 4160
14058 4161
16273 4162
14097 4163
14138 4164
14165 4165
14167 4166
14178 4167
5313 4168
14198 4169
14362 4170
14209 4171
14232 4172
971 4173
14263 4174
14271 4175
14291 4176
14335 4177
14339 4178
14358 4179
14395 4180
14406 4181
14437 4182
14486 4183
14490 4184
14501 4185
14508 4186
14511 4187
14520 4188
14541 4189
10316 4190
14592 4191
14632 4192
14624 4193
14642 4194
14645 4195
12816 4196
14656 4197
9670 4198
14664 4199
14675 4200
14677 4201
14678 4202
414 4203
14689 4204
14705 4205
14725 4206
5253 4207
11240 4208
14867 4209
14735 4210
18822 4211
14751 4212
14754 4213
14756 4214
363 4215
14774 4216
14795 4217
9001 4218
14817 4219
14843 4220
14858 4221
14874 4222
14908 4223
14921 4224
9984 4225
14929 4226
14948 4227
14981 4228
15007 4229
1460 4230
3367 4231
15035 4232
15038 4233
15040 4234
15042 4235
15048 4236
15083 4237
15098 4238
2054 4239
6856 4240
15126 4241
15128 4242
12131 4243
15136 4244
15152 4245
15167 4246
15179 4247
15224 4248
15231 4249
15786 4250
15326 4251
1431 4252
16436 4253
17203 4254
15345 4255
15357 4256
15362 4257
1049 4258
1213 4259
1265 4260
2005 4261
2747 4262
12894 4263
16372 4264
16506 4265
18132 4266
18629 4267
15377 4268
10140 4269
15381 4270
15385 4271
15405 4272
15413 4273
15434 4274
15444 4275
15450 4276
15476 4277
15497 4278
15514 4279
15521 4280
7093 4281
15550 4282
4380 4283
9733 4284
15558 4285
15627 4286
15663 4287
15665 4288
15672 4289
8326 4290
15708 4291
14513 4292
15711 4293
15748 4294
15749 4295
15773 4296
15801 4297
15810 4298
7085 4299
15859 4300
15867 4301
15875 4302
15940 4303
15944 4304
12165 4305
15977 4306
2242 4307
15990 4308
2346 4309
16009 4310
16158 4311
16019 4312
16044 4313
16087 4314
16113 4315
16131 4316
16771 4317
16813 4318
16165 4319
727 4320
3157 4321
8283 4322
16106 4323
16202 4324
16227 4325
16239 4326
16340 4327
16802 4328
16244 4329
242 4330
16249 4331
16260 4332
16263 4333
13779 4334
16850 4335
16330 4336
17974 4337
16337 4338
16343 4339
16344 4340
16350 4341
16360 4342
14722 4343
16384 4344
472 4345
15138 4346
16385 4347
16387 4348
8463 4349
16389 4350
10426 4351
16395 4352
16396 4353
16414 4354
649 4355
4347 4356
16425 4357
16430 4358
16438 4359
16456 4360
16465 4361
314 4362
3448 4363
8787 4364
12755 4365
16487 4366
14515 4367
16282 4368
16514 4369
4868 4370
16530 4371
16540 4372
16602 4373
17715 4374
16532 4375
10296 4376
2529 4377
8602 4378
16567 4379
16568 4380
16600 4381
16734 4382
2667 4383
3251 4384
15577 4385
16635 4386
16631 4387
13978 4388
16644 4389
16645 4390
16646 4391
16649 4392
12415 4393
16659 4394
16665 4395
16695 4396
16719 4397
5318 4398
5504 4399
8245 4400
8762 4401
9206 4402
11931 4403
17157 4404
16723 4405
16727 4406
16755 4407
17158 4408
16777 4409
16791 4410
16816 4411
16821 4412
16828 4413
16833 4414
16866 4415
1525 4416
9263 4417
16222 4418
7818 4419
16885 4420
14494 4421
16913 4422
13412 4423
17302 4424
16944 4425
16962 4426
15846 4427
16998 4428
17000 4429
8581 4430
17051 4431
17688 4432
17080 4433
17126 4434
13353 4435
820 4436
6765 4437
9935 4438
12139 4439
14399 4440
17166 4441
392 4442
17169 4443
2159 4444
17190 4445
17202 4446
17237 4447
16950 4448
17243 4449
15715 4450
17276 4451
16194 4452
17978 4453
17297 4454
5023 4455
17326 4456
17369 4457
17414 4458
17421 4459
17430 4460
17431 4461
5630 4462
17450 4463
17451 4464
17628 4465
3461 4466
4862 4467
15190 4468
17673 4469
17683 4470
17687 4471
17693 4472
17699 4473
17712 4474
17713 4475
17718 4476
17727 4477
17731 4478
17738 4479
15639 4480
17840 4481
17843 4482
17864 4483
12012 4484
17924 4485
12797 4486
17938 4487
17950 4488
230 4489
4744 4490
11921 4491
18170 4492
17955 4493
17960 4494
17967 4495
17970 4496
17975 4497
17989 4498
18056 4499
3024 4500
18128 4501
18139 4502
18250 4503
18251 4504
18255 4505
4745 4506
7438 4507
7522 4508
18301 4509
18320 4510
2134 4511
18359 4512
18379 4513
18381 4514
18406 4515
17532 4516
18486 4517
18488 4518
18551 4519
18559 4520
18563 4521
18610 4522
12590 4523
18616 4524
18621 4525
18623 4526
18630 4527
18634 4528
18635 4529
18636 4530
18637 4531
8241 4532
8781 4533
14737 4534
18642 4535
18644 4536
18645 4537
18677 4538
18715 4539
18770 4540
18862 4541
17746 4542
18952 4543
50 4544
18955 4545
18978 4546
18981 4547
18993 4548
18999 4549
19020 4550
19087 4551
19167 4552
10862 4553
19230 4554
19242 4555
19259 4556
12456 4557
1911 4558
4873 4559
8609 4560
13456 4561
19352 4562
1945 4563
16543 4564
19404 4565
19418 4566
19442 4567
19445 4568
19463 4569
19465 4570
19466 4571
19470 4572
14223 4573
