13 0
21 1
2050 2
3429 3
3430 4
3455 5
7293 6
9148 7
9151 8
13417 9
18775 10
19060 11
14 12
1868 13
9138 14
10459 15
18770 16
18771 17
18773 18
15 19
338 20
410 21
1163 22
1164 23
1165 24
1166 25
2336 26
2711 27
2713 28
2820 29
3118 30
3452 31
7553 32
7554 33
8029 34
8789 35
10036 36
11418 37
11523 38
11934 39
14759 40
15614 41
15916 42
16681 43
16685 44
17724 45
18036 46
18610 47
18772 48
18774 49
19334 50
19367 51
19574 52
20575 53
20712 54
22912 55
23152 56
16 57
18588 58
17 59
3231 60
5013 61
8615 62
9149 63
10030 64
11663 65
13936 66
14397 67
18486 68
19742 69
18 70
40 71
112 72
2503 73
3454 74
3457 75
3536 76
5929 77
8494 78
8782 79
9306 80
10191 81
10997 82
11180 83
11291 84
15758 85
20403 86
20484 87
20485 88
22920 89
19 90
750 91
2712 92
3774 93
3797 94
4910 95
5729 96
9048 97
11231 98
11746 99
11748 100
20621 101
20955 102
21005 103
21085 104
20 105
10401 106
13946 107
22595 108
22954 109
5734 110
22 111
3799 112
6672 113
14885 114
22955 115
37 116
20607 117
38 118
19214 119
39 120
2821 121
3280 122
6673 123
7995 124
11713 125
11745 126
14120 127
14648 128
16687 129
18098 130
20754 131
22747 132
22906 133
23391 134
23559 135
2822 136
4176 137
8984 138
10829 139
10951 140
41 141
1609 142
2982 143
8796 144
10110 145
10211 146
10669 147
10685 148
16166 149
16690 150
21010 151
24878 152
24991 153
42 154
5927 155
15613 156
60 157
18726 158
77 159
22158 160
22161 161
101 162
1938 163
2201 164
3373 165
4256 166
4489 167
10739 168
12347 169
15881 170
20026 171
21867 172
23855 173
107 174
1043 175
3904 176
3913 177
4502 178
4633 179
6634 180
6707 181
8164 182
8929 183
9009 184
9454 185
9455 186
10349 187
13785 188
13962 189
14743 190
15632 191
16170 192
16491 193
16604 194
19215 195
19505 196
19630 197
24988 198
108 199
1619 200
2106 201
2738 202
2789 203
2790 204
3341 205
3898 206
4263 207
7233 208
8634 209
11898 210
13669 211
13987 212
15024 213
15267 214
16787 215
19209 216
22098 217
24858 218
111 219
3810 220
3899 221
6670 222
6671 223
19927 224
19928 225
4160 226
11146 227
117 228
80 229
761 230
3317 231
4632 232
4825 233
5730 234
7278 235
7676 236
8915 237
9032 238
9853 239
9855 240
9856 241
9947 242
10118 243
10624 244
11894 245
11896 246
11899 247
11900 248
11903 249
11917 250
11918 251
11922 252
13586 253
14496 254
15452 255
19233 256
21128 257
23547 258
23555 259
134 260
5907 261
135 262
15976 263
139 264
3717 265
8074 266
10591 267
13518 268
21927 269
21928 270
21929 271
140 272
196 273
144 274
3755 275
5026 276
5253 277
7749 278
10595 279
22142 280
24126 281
24320 282
163 283
955 284
9641 285
9793 286
10369 287
13557 288
15075 289
15766 290
15821 291
17989 292
19152 293
20970 294
21675 295
21898 296
22357 297
22826 298
22995 299
23638 300
172 301
9777 302
173 303
13304 304
180 305
13167 306
182 307
2247 308
2839 309
7434 310
10126 311
12706 312
16500 313
16891 314
21471 315
24770 316
183 317
4685 318
5154 319
5452 320
18860 321
184 322
348 323
1367 324
4010 325
5155 326
5156 327
6492 328
6499 329
6593 330
7292 331
8715 332
9088 333
10011 334
11144 335
11216 336
11217 337
11838 338
12819 339
13033 340
13136 341
14030 342
14296 343
14696 344
14700 345
15093 346
15650 347
16515 348
16691 349
16692 350
18525 351
19337 352
19338 353
19882 354
20406 355
20571 356
20581 357
20624 358
21007 359
21977 360
22217 361
23050 362
3199 363
9210 364
19594 365
198 366
825 367
827 368
1580 369
1582 370
6113 371
6460 372
7610 373
9710 374
9720 375
9903 376
10139 377
10618 378
11386 379
13427 380
13868 381
15599 382
16602 383
16603 384
20057 385
22950 386
23052 387
24163 388
199 389
1750 390
5186 391
9395 392
9410 393
11166 394
11167 395
11168 396
14593 397
16171 398
18581 399
204 400
9705 401
12033 402
20987 403
20988 404
20989 405
21401 406
21403 407
207 408
1414 409
1415 410
5123 411
208 412
14348 413
18752 414
211 415
9895 416
213 417
467 418
215 419
13215 420
217 421
218 422
222 423
5190 424
7892 425
233 426
18669 427
20813 428
255 429
4043 430
15014 431
15488 432
268 433
15396 434
270 435
3071 436
3083 437
273 438
275 439
8395 440
8396 441
13769 442
14553 443
16206 444
276 445
277 446
11328 447
17845 448
24905 449
289 450
6001 451
14490 452
290 453
10253 454
11280 455
11622 456
317 457
7424 458
18037 459
343 460
13426 461
345 462
7052 463
352 464
10463 465
12881 466
12884 467
12886 468
13130 469
22869 470
359 471
360 472
6543 473
8680 474
19440 475
19441 476
19651 477
22438 478
367 479
369 480
370 481
375 482
1108 483
1579 484
3440 485
4098 486
6402 487
7277 488
8343 489
8344 490
8513 491
8519 492
9652 493
9654 494
9657 495
10140 496
10286 497
15133 498
15330 499
19349 500
19931 501
20603 502
21555 503
24933 504
368 505
373 506
1583 507
9649 508
9651 509
9653 510
9655 511
18584 512
20913 513
4987 514
6722 515
23268 516
371 517
372 518
374 519
1581 520
4988 521
4989 522
7798 523
11125 524
20601 525
22951 526
13531 527
23873 528
13867 529
5781 530
11215 531
8227 532
12251 533
13356 534
17469 535
17470 536
24444 537
378 538
14036 539
389 540
391 541
1306 542
4779 543
6463 544
6464 545
6544 546
7800 547
10625 548
12066 549
18649 550
19842 551
392 552
17902 553
393 554
11878 555
398 556
1127 557
7526 558
405 559
4716 560
7633 561
411 562
1115 563
22717 564
425 565
4364 566
18387 567
426 568
5180 569
15591 570
429 571
2721 572
12731 573
12733 574
18291 575
18292 576
20451 577
433 578
1139 579
1141 580
1371 581
1372 582
1998 583
3266 584
3269 585
3287 586
3291 587
3616 588
3758 589
5071 590
5224 591
6281 592
6455 593
6456 594
6457 595
6459 596
7664 597
7853 598
7955 599
9753 600
10443 601
11703 602
11704 603
11798 604
12257 605
12258 606
12683 607
13164 608
13165 609
13499 610
13504 611
13534 612
13536 613
14006 614
14075 615
14310 616
14457 617
14461 618
14667 619
14669 620
15030 621
15031 622
15041 623
15042 624
15045 625
15548 626
17103 627
17105 628
17732 629
18079 630
18323 631
18437 632
18440 633
18442 634
18805 635
18980 636
18988 637
19678 638
19679 639
20894 640
21035 641
21346 642
21348 643
21542 644
21869 645
22350 646
22656 647
22657 648
22697 649
23542 650
23543 651
23544 652
23545 653
23759 654
24226 655
24228 656
24230 657
24231 658
24565 659
24568 660
24917 661
24918 662
434 663
435 664
473 665
475 666
1143 667
1934 668
1992 669
1996 670
1999 671
2376 672
2922 673
3268 674
3271 675
3288 676
3312 677
3313 678
3374 679
3538 680
3619 681
3838 682
3842 683
4014 684
4018 685
5062 686
5063 687
5064 688
5069 689
5223 690
5226 691
5227 692
5229 693
5230 694
5423 695
5738 696
6278 697
6280 698
6405 699
6638 700
6639 701
6640 702
6971 703
7663 704
7852 705
7854 706
8241 707
8510 708
8850 709
9069 710
9723 711
9727 712
9751 713
10628 714
10738 715
11315 716
11700 717
11701 718
11705 719
11706 720
11707 721
11940 722
12062 723
12208 724
12231 725
12259 726
12260 727
13505 728
13538 729
13912 730
13915 731
14311 732
14313 733
14315 734
14460 735
14493 736
14668 737
14670 738
15028 739
15029 740
15039 741
15551 742
15639 743
15642 744
15644 745
15883 746
16906 747
16907 748
16908 749
17102 750
17104 751
17107 752
17109 753
18077 754
18655 755
18658 756
18804 757
18974 758
18975 759
18977 760
18995 761
19680 762
20541 763
21033 764
21039 765
21235 766
21237 767
21352 768
21353 769
21537 770
21702 771
22659 772
22660 773
22662 774
22699 775
23318 776
23320 777
23322 778
23323 779
23760 780
24212 781
24225 782
24232 783
24567 784
24915 785
24921 786
1142 787
3293 788
4013 789
5068 790
5424 791
6636 792
7662 793
7761 794
10314 795
11938 796
11939 797
14458 798
14462 799
15641 800
17108 801
18074 802
18436 803
18438 804
18439 805
18654 806
21238 807
21351 808
21868 809
24229 810
456 811
12737 812
21540 813
476 814
1094 815
19519 816
21350 817
21541 818
2200 819
6631 820
12262 821
15043 822
17738 823
480 824
7989 825
7990 826
16489 827
21901 828
481 829
482 830
3666 831
3667 832
11933 833
2929 834
9121 835
16001 836
17600 837
21435 838
483 839
12980 840
488 841
1608 842
15519 843
19599 844
19779 845
21049 846
21050 847
21052 848
21054 849
21055 850
24788 851
504 852
15273 853
511 854
24906 855
513 856
516 857
1110 858
4161 859
4762 860
5405 861
5450 862
6000 863
7535 864
8837 865
9143 866
11295 867
19198 868
19766 869
20798 870
23967 871
533 872
2752 873
5236 874
9055 875
9166 876
10622 877
13038 878
14760 879
17661 880
17772 881
20269 882
22559 883
534 884
4861 885
535 886
17870 887
536 888
13590 889
547 890
554 891
10300 892
12887 893
22157 894
555 895
15697 896
24376 897
557 898
558 899
11283 900
11849 901
11850 902
12218 903
21986 904
559 905
22214 906
562 907
7820 908
24860 909
563 910
1111 911
9243 912
9246 913
594 914
595 915
8729 916
596 917
14291 918
597 919
633 920
632 921
4073 922
12267 923
12514 924
23028 925
636 926
2415 927
5865 928
639 929
640 930
647 931
9971 932
12872 933
19183 934
663 935
10035 936
665 937
669 938
23742 939
675 940
676 941
1050 942
2985 943
3419 944
6557 945
7567 946
8170 947
8172 948
10348 949
10351 950
10352 951
13309 952
13484 953
13485 954
14890 955
16611 956
20415 957
21762 958
677 959
1389 960
1932 961
2983 962
3634 963
7563 964
7564 965
7566 966
7569 967
8174 968
11079 969
11081 970
11764 971
11765 972
16617 973
17008 974
20045 975
21281 976
23961 977
682 978
687 979
4497 980
5748 981
6014 982
9718 983
13425 984
16303 985
19597 986
23051 987
688 988
12598 989
12601 990
691 991
16041 992
692 993
8635 994
17802 995
23769 996
704 997
705 998
7570 999
713 1000
15844 1001
715 1002
2332 1003
17645 1004
716 1005
17644 1006
717 1007
4704 1008
725 1009
2347 1010
727 1011
732 1012
24330 1013
11511 1014
734 1015
731 1016
739 1017
452 1018
2123 1019
19728 1020
24085 1021
740 1022
1380 1023
13162 1024
17149 1025
17578 1026
19493 1027
749 1028
751 1029
747 1030
24211 1031
2110 1032
2465 1033
2800 1034
4097 1035
8341 1036
9869 1037
10939 1038
11893 1039
11897 1040
11902 1041
11915 1042
13151 1043
13587 1044
13588 1045
14444 1046
14622 1047
17527 1048
18163 1049
21789 1050
766 1051
17119 1052
23430 1053
768 1054
14092 1055
774 1056
1347 1057
1353 1058
8193 1059
16895 1060
775 1061
21779 1062
776 1063
777 1064
1352 1065
14390 1066
16894 1067
778 1068
779 1069
782 1070
7113 1071
807 1072
17959 1073
812 1074
813 1075
818 1076
8790 1077
20710 1078
830 1079
2791 1080
3970 1081
8633 1082
10940 1083
838 1084
3233 1085
21008 1086
843 1087
844 1088
9252 1089
847 1090
18138 1091
850 1092
1032 1093
851 1094
858 1095
16776 1096
861 1097
13944 1098
22843 1099
862 1100
2824 1101
2827 1102
13106 1103
19935 1104
863 1105
2823 1106
22535 1107
23089 1108
865 1109
880 1110
893 1111
2439 1112
3855 1113
4836 1114
6304 1115
9387 1116
12937 1117
15116 1118
18517 1119
21118 1120
22191 1121
22959 1122
902 1123
916 1124
920 1125
7429 1126
924 1127
2321 1128
9713 1129
14585 1130
15161 1131
20288 1132
925 1133
16394 1134
931 1135
18708 1136
937 1137
18407 1138
939 1139
941 1140
5016 1141
942 1142
7819 1143
21216 1144
944 1145
3380 1146
3521 1147
6332 1148
6980 1149
8798 1150
8799 1151
8800 1152
12535 1153
12876 1154
17528 1155
24861 1156
24863 1157
945 1158
2836 1159
3232 1160
5663 1161
7642 1162
8154 1163
9467 1164
11373 1165
15544 1166
20169 1167
20170 1168
20173 1169
23918 1170
946 1171
19707 1172
947 1173
13196 1174
949 1175
954 1176
952 1177
957 1178
962 1179
9204 1180
15922 1181
964 1182
5741 1183
12338 1184
966 1185
967 1186
3518 1187
4697 1188
14956 1189
15725 1190
16676 1191
18415 1192
22143 1193
24759 1194
15508 1195
21457 1196
968 1197
5161 1198
12891 1199
16580 1200
19565 1201
969 1202
13998 1203
970 1204
11387 1205
14000 1206
971 1207
972 1208
973 1209
3682 1210
14475 1211
18046 1212
18049 1213
1748 1214
1854 1215
3683 1216
3684 1217
4613 1218
10637 1219
11299 1220
11771 1221
12134 1222
14476 1223
14515 1224
18045 1225
18047 1226
19857 1227
19858 1228
22299 1229
976 1230
987 1231
990 1232
9774 1233
996 1234
5737 1235
1005 1236
13209 1237
1019 1238
13830 1239
15626 1240
23116 1241
24763 1242
1022 1243
1024 1244
1036 1245
1125 1246
3665 1247
15038 1248
15288 1249
17344 1250
17624 1251
17625 1252
20231 1253
20232 1254
20487 1255
23845 1256
1042 1257
3908 1258
9675 1259
14649 1260
21104 1261
5077 1262
8092 1263
8093 1264
8095 1265
11993 1266
12545 1267
15966 1268
15980 1269
20194 1270
20424 1271
21951 1272
1048 1273
21260 1274
21443 1275
1049 1276
9642 1277
11124 1278
20083 1279
1056 1280
2151 1281
1058 1282
3242 1283
5268 1284
6261 1285
23561 1286
1096 1287
14495 1288
1101 1289
9221 1290
10167 1291
19780 1292
1109 1293
6005 1294
14182 1295
21377 1296
6002 1297
19763 1298
20799 1299
20875 1300
23440 1301
11800 1302
16026 1303
16028 1304
13097 1305
18316 1306
19289 1307
1116 1308
1118 1309
1119 1310
1120 1311
4686 1312
1121 1313
17148 1314
1122 1315
4081 1316
4082 1317
1123 1318
1126 1319
2494 1320
2847 1321
7079 1322
10857 1323
11327 1324
11571 1325
14843 1326
15021 1327
19190 1328
20405 1329
21003 1330
21009 1331
15156 1332
12486 1333
15516 1334
18127 1335
19055 1336
1128 1337
11033 1338
9748 1339
12060 1340
16239 1341
21538 1342
22349 1343
1140 1344
21878 1345
6637 1346
10643 1347
24227 1348
1145 1349
16157 1350
1150 1351
9714 1352
19056 1353
1161 1354
4466 1355
16427 1356
1162 1357
6727 1358
1167 1359
6191 1360
1180 1361
1195 1362
13049 1363
14150 1364
16973 1365
20383 1366
23398 1367
24383 1368
1196 1369
1204 1370
16972 1371
20148 1372
20151 1373
20281 1374
1197 1375
20452 1376
1217 1377
11886 1378
1236 1379
12497 1380
1237 1381
18792 1382
1245 1383
1273 1384
17028 1385
1275 1386
2938 1387
2940 1388
4763 1389
9310 1390
1281 1391
16560 1392
19578 1393
22493 1394
24762 1395
1294 1396
1296 1397
1925 1398
4494 1399
4495 1400
20744 1401
20746 1402
20747 1403
21527 1404
23848 1405
23854 1406
23864 1407
1305 1408
9202 1409
10062 1410
20560 1411
1307 1412
1308 1413
16888 1414
1312 1415
13783 1416
1322 1417
24711 1418
1327 1419
5815 1420
20605 1421
1343 1422
1344 1423
22318 1424
1345 1425
19923 1426
2939 1427
5677 1428
9525 1429
11259 1430
13544 1431
14243 1432
15449 1433
20825 1434
21115 1435
21117 1436
24133 1437
10710 1438
14745 1439
14847 1440
15762 1441
18001 1442
22706 1443
22770 1444
16494 1445
18002 1446
20826 1447
21116 1448
22769 1449
1355 1450
10629 1451
14312 1452
14465 1453
1356 1454
2373 1455
2380 1456
3743 1457
3837 1458
5066 1459
5067 1460
9750 1461
11313 1462
11317 1463
12203 1464
12261 1465
14456 1466
14459 1467
14464 1468
19675 1469
19676 1470
19926 1471
21032 1472
21040 1473
21539 1474
23321 1475
24563 1476
1364 1477
15992 1478
15994 1479
1365 1480
6166 1481
6325 1482
6501 1483
7678 1484
7679 1485
7994 1486
9381 1487
10203 1488
15637 1489
15638 1490
1368 1491
19684 1492
1369 1493
6726 1494
15884 1495
1379 1496
1675 1497
1873 1498
2089 1499
3848 1500
3886 1501
6663 1502
7446 1503
7951 1504
8198 1505
9186 1506
10034 1507
10509 1508
10511 1509
10517 1510
11763 1511
12730 1512
13801 1513
13829 1514
14619 1515
15009 1516
17387 1517
17418 1518
18106 1519
18413 1520
19488 1521
19490 1522
20755 1523
21163 1524
21340 1525
21341 1526
21505 1527
21507 1528
21732 1529
23989 1530
23992 1531
1381 1532
1870 1533
2880 1534
2913 1535
4705 1536
5262 1537
5331 1538
5410 1539
6297 1540
6692 1541
8010 1542
9429 1543
10373 1544
10653 1545
13160 1546
14529 1547
14981 1548
15625 1549
16994 1550
20749 1551
20751 1552
20752 1553
20753 1554
21339 1555
21792 1556
23599 1557
23990 1558
7060 1559
13723 1560
18286 1561
22047 1562
1382 1563
490 1564
1397 1565
2971 1566
3136 1567
4120 1568
4228 1569
4229 1570
5715 1571
5802 1572
6708 1573
6709 1574
8785 1575
8786 1576
9797 1577
9799 1578
11260 1579
17357 1580
21826 1581
23147 1582
23695 1583
23696 1584
1384 1585
10347 1586
12629 1587
13483 1588
24987 1589
1385 1590
3844 1591
15879 1592
13096 1593
17254 1594
21416 1595
1396 1596
16821 1597
24113 1598
24114 1599
2684 1600
4226 1601
7134 1602
8787 1603
14711 1604
24713 1605
1409 1606
23157 1607
17207 1608
1417 1609
1419 1610
23178 1611
1420 1612
1907 1613
1425 1614
23654 1615
1439 1616
1463 1617
4340 1618
4341 1619
1501 1620
22921 1621
1507 1622
1509 1623
2481 1624
2482 1625
8278 1626
8280 1627
13749 1628
14266 1629
15300 1630
15301 1631
15302 1632
15304 1633
23631 1634
23633 1635
1508 1636
2281 1637
10696 1638
10699 1639
15215 1640
24635 1641
13750 1642
13751 1643
19166 1644
21392 1645
1543 1646
4703 1647
6691 1648
6989 1649
7627 1650
10901 1651
24256 1652
1552 1653
11525 1654
1553 1655
13725 1656
1554 1657
1559 1658
3259 1659
1586 1660
5959 1661
16124 1662
1587 1663
1588 1664
16120 1665
16121 1666
16123 1667
16122 1668
1589 1669
1590 1670
1592 1671
1845 1672
1970 1673
21106 1674
1594 1675
3555 1676
8327 1677
1596 1678
3068 1679
1597 1680
12376 1681
12381 1682
1598 1683
12373 1684
12375 1685
1994 1686
2570 1687
3959 1688
7204 1689
10360 1690
17690 1691
18737 1692
21321 1693
23481 1694
24733 1695
1614 1696
11389 1697
5647 1698
8632 1699
1622 1700
1638 1701
143 1702
1639 1703
21906 1704
21909 1705
3974 1706
9036 1707
11376 1708
1653 1709
23869 1710
1658 1711
10072 1712
13740 1713
1659 1714
19521 1715
22348 1716
1662 1717
362 1718
4358 1719
18160 1720
1663 1721
1664 1722
4357 1723
1666 1724
16658 1725
24826 1726
1667 1727
16657 1728
5334 1729
6006 1730
16887 1731
1677 1732
9619 1733
1678 1734
1682 1735
1691 1736
1692 1737
12474 1738
21794 1739
1694 1740
18223 1741
1695 1742
2657 1743
15311 1744
1696 1745
1697 1746
1716 1747
6331 1748
7097 1749
24170 1750
1717 1751
3161 1752
1719 1753
5473 1754
1720 1755
1725 1756
9331 1757
1735 1758
5464 1759
11375 1760
1737 1761
1740 1762
5240 1763
10413 1764
11068 1765
11406 1766
15888 1767
1741 1768
9846 1769
16688 1770
1742 1771
2063 1772
15339 1773
15595 1774
1743 1775
7784 1776
22397 1777
23075 1778
23101 1779
1746 1780
1747 1781
4608 1782
1749 1783
4680 1784
5999 1785
12654 1786
14093 1787
15313 1788
1758 1789
1768 1790
2262 1791
5671 1792
20404 1793
20604 1794
21243 1795
22220 1796
1774 1797
12489 1798
1776 1799
20990 1800
1778 1801
1780 1802
4620 1803
1783 1804
1790 1805
6678 1806
11462 1807
1791 1808
15750 1809
1792 1810
1794 1811
16565 1812
24377 1813
24379 1814
24382 1815
1815 1816
1819 1817
6234 1818
1816 1819
1818 1820
6237 1821
6241 1822
1820 1823
1893 1824
1895 1825
11197 1826
12039 1827
21434 1828
21436 1829
23971 1830
24768 1831
24769 1832
1821 1833
1822 1834
14451 1835
14540 1836
18402 1837
18403 1838
18405 1839
18408 1840
19495 1841
1837 1842
1839 1843
20354 1844
1840 1845
11980 1846
1842 1847
4504 1848
1850 1849
2259 1850
1851 1851
1853 1852
18048 1853
6062 1854
9544 1855
18050 1856
1863 1857
1866 1858
1869 1859
16999 1860
4696 1861
4702 1862
6293 1863
13826 1864
19175 1865
21477 1866
1884 1867
1891 1868
7954 1869
7957 1870
8627 1871
9302 1872
19525 1873
24406 1874
24771 1875
24772 1876
7956 1877
8629 1878
9120 1879
9904 1880
10010 1881
11784 1882
11788 1883
11789 1884
11794 1885
11795 1886
17709 1887
20317 1888
22246 1889
22248 1890
11777 1891
11796 1892
20417 1893
1902 1894
1903 1895
5192 1896
5194 1897
5438 1898
7313 1899
8626 1900
11285 1901
11287 1902
11288 1903
11292 1904
11294 1905
13146 1906
14698 1907
17601 1908
21674 1909
3805 1910
5897 1911
6739 1912
12461 1913
12509 1914
13040 1915
13301 1916
16520 1917
18153 1918
19743 1919
20302 1920
21103 1921
22204 1922
22722 1923
23405 1924
5886 1925
1912 1926
1914 1927
1919 1928
1920 1929
1923 1930
4491 1931
4493 1932
5845 1933
17594 1934
1924 1935
22396 1936
1926 1937
1927 1938
1929 1939
1930 1940
1931 1941
2304 1942
2305 1943
5215 1944
15977 1945
18349 1946
18701 1947
19838 1948
20176 1949
23431 1950
24732 1951
1041 1952
15612 1953
20174 1954
20567 1955
20568 1956
20991 1957
23043 1958
21798 1959
1933 1960
1935 1961
1936 1962
3825 1963
1937 1964
5735 1965
1941 1966
1957 1967
3991 1968
7949 1969
8462 1970
8893 1971
10201 1972
10375 1973
19491 1974
19653 1975
19654 1976
20745 1977
23994 1978
24100 1979
1960 1980
1965 1981
13673 1982
1968 1983
5545 1984
16623 1985
15763 1986
15764 1987
24333 1988
1971 1989
1977 1990
7289 1991
1978 1992
2722 1993
1979 1994
2925 1995
22907 1996
24859 1997
11316 1998
1993 1999
7248 2000
1995 2001
10574 2002
4016 2003
15640 2004
19677 2005
12059 2006
16902 2007
2000 2008
9470 2009
2013 2010
2014 2011
2020 2012
2032 2013
16302 2014
2044 2015
2045 2016
2367 2017
2424 2018
2798 2019
3668 2020
4198 2021
4199 2022
4201 2023
4203 2024
4204 2025
4205 2026
5021 2027
5022 2028
5079 2029
10342 2030
10663 2031
11776 2032
13607 2033
14450 2034
14478 2035
14479 2036
14481 2037
14484 2038
14485 2039
14487 2040
15372 2041
15773 2042
15774 2043
19379 2044
19944 2045
19945 2046
19946 2047
19948 2048
19949 2049
19950 2050
19951 2051
19953 2052
19954 2053
21059 2054
23660 2055
23664 2056
23671 2057
23672 2058
23703 2059
23707 2060
23708 2061
23709 2062
23710 2063
24535 2064
2052 2065
2053 2066
6899 2067
7186 2068
11127 2069
16637 2070
23086 2071
2056 2072
2062 2073
5635 2074
2069 2075
2071 2076
2073 2077
2074 2078
2075 2079
2076 2080
2083 2081
15404 2082
2080 2083
2077 2084
2079 2085
4496 2086
2082 2087
8597 2088
2087 2089
8777 2090
2095 2091
2097 2092
2098 2093
2102 2094
7929 2095
18543 2096
2109 2097
21442 2098
2111 2099
5486 2100
13510 2101
14293 2102
20999 2103
23076 2104
23078 2105
23435 2106
23436 2107
2113 2108
2114 2109
2126 2110
16304 2111
19595 2112
2129 2113
15333 2114
24799 2115
2130 2116
6326 2117
6330 2118
2132 2119
3022 2120
7155 2121
10032 2122
2137 2123
2139 2124
6032 2125
2144 2126
753 2127
2146 2128
2149 2129
2150 2130
5012 2131
6022 2132
11110 2133
19259 2134
2171 2135
2178 2136
2177 2137
2180 2138
4029 2139
8769 2140
21371 2141
23057 2142
2181 2143
9352 2144
2184 2145
186 2146
2189 2147
11286 2148
11289 2149
20300 2150
2197 2151
2199 2152
13482 2153
2206 2154
15441 2155
2230 2156
11264 2157
2236 2158
22767 2159
2599 2160
2600 2161
2699 2162
2701 2163
2702 2164
4139 2165
6145 2166
7238 2167
8218 2168
9118 2169
9275 2170
9621 2171
12042 2172
14072 2173
15524 2174
15528 2175
16153 2176
19986 2177
20221 2178
20256 2179
20583 2180
21062 2181
23159 2182
23162 2183
23380 2184
23407 2185
2257 2186
3522 2187
13901 2188
22306 2189
22827 2190
2260 2191
10061 2192
16770 2193
2263 2194
2274 2195
2278 2196
2275 2197
2277 2198
2280 2199
6328 2200
15051 2201
15053 2202
2282 2203
4169 2204
9304 2205
10534 2206
14188 2207
15157 2208
15981 2209
16101 2210
17585 2211
21102 2212
22216 2213
22882 2214
2284 2215
11290 2216
12252 2217
12732 2218
2285 2219
2296 2220
17868 2221
12789 2222
19103 2223
6940 2224
16355 2225
2307 2226
2310 2227
2323 2228
6291 2229
7991 2230
9961 2231
9963 2232
12975 2233
12977 2234
21829 2235
2326 2236
14722 2237
2327 2238
2328 2239
13798 2240
2329 2241
11888 2242
17647 2243
2337 2244
2342 2245
4094 2246
5943 2247
24869 2248
11427 2249
2348 2250
1803 2251
2358 2252
2359 2253
2360 2254
2361 2255
5020 2256
5025 2257
14482 2258
15495 2259
21053 2260
23711 2261
2393 2262
2932 2263
6085 2264
11195 2265
16965 2266
2417 2267
8379 2268
8538 2269
2445 2270
2448 2271
11740 2272
11741 2273
18307 2274
2449 2275
2451 2276
2456 2277
12658 2278
2462 2279
2461 2280
2464 2281
7848 2282
2467 2283
22652 2284
23019 2285
2491 2286
18851 2287
21454 2288
23095 2289
2496 2290
2497 2291
2501 2292
5898 2293
21987 2294
2514 2295
8717 2296
12908 2297
18191 2298
2515 2299
2525 2300
2543 2301
2546 2302
2547 2303
8649 2304
12490 2305
15193 2306
16638 2307
19975 2308
22300 2309
2545 2310
4442 2311
6323 2312
7719 2313
11282 2314
14159 2315
19791 2316
19792 2317
19794 2318
20039 2319
23448 2320
2554 2321
5181 2322
6003 2323
8736 2324
9719 2325
19790 2326
19793 2327
20865 2328
21366 2329
23087 2330
23088 2331
23123 2332
23446 2333
23927 2334
10986 2335
23439 2336
23447 2337
19153 2338
20321 2339
2558 2340
9630 2341
2566 2342
3864 2343
7591 2344
12513 2345
12957 2346
18732 2347
22190 2348
2567 2349
2578 2350
2583 2351
3299 2352
2589 2353
2590 2354
8371 2355
24900 2356
7527 2357
21870 2358
2602 2359
1011 2360
2603 2361
2609 2362
2610 2363
10931 2364
2611 2365
2612 2366
2625 2367
22671 2368
2630 2369
9094 2370
11941 2371
22673 2372
2640 2373
2643 2374
2644 2375
2648 2376
2645 2377
20708 2378
2646 2379
2647 2380
14572 2381
17186 2382
5437 2383
2650 2384
2653 2385
14003 2386
14004 2387
14492 2388
2663 2389
2685 2390
2689 2391
18447 2392
2691 2393
7648 2394
19526 2395
2697 2396
15526 2397
2698 2398
15527 2399
14917 2400
15525 2401
2703 2402
16249 2403
2723 2404
2727 2405
8794 2406
20296 2407
2735 2408
2736 2409
22167 2410
2737 2411
2980 2412
12118 2413
12710 2414
12562 2415
24011 2416
2739 2417
5958 2418
2742 2419
3282 2420
7312 2421
9504 2422
2777 2423
5011 2424
10925 2425
2784 2426
15003 2427
2786 2428
16240 2429
16241 2430
2787 2431
2788 2432
4445 2433
4200 2434
4202 2435
5019 2436
9214 2437
9884 2438
9885 2439
9887 2440
9893 2441
14393 2442
14480 2443
14483 2444
15772 2445
21475 2446
23583 2447
2802 2448
2807 2449
7290 2450
7291 2451
15416 2452
17698 2453
20486 2454
6936 2455
12734 2456
4715 2457
10828 2458
11147 2459
15414 2460
16002 2461
18585 2462
23115 2463
8797 2464
14762 2465
18248 2466
2825 2467
6004 2468
7237 2469
7675 2470
8536 2471
10123 2472
11090 2473
11117 2474
14877 2475
14878 2476
23562 2477
20399 2478
2842 2479
2843 2480
11654 2481
2857 2482
2858 2483
2866 2484
2867 2485
2878 2486
2881 2487
2882 2488
2883 2489
2884 2490
2885 2491
2886 2492
2896 2493
2897 2494
2902 2495
2898 2496
2910 2497
5295 2498
9189 2499
24580 2500
2915 2501
17583 2502
2916 2503
2917 2504
3905 2505
8166 2506
2926 2507
7522 2508
16741 2509
2927 2510
16740 2511
4868 2512
5122 2513
8073 2514
18576 2515
22247 2516
2966 2517
8167 2518
23179 2519
15329 2520
2981 2521
3592 2522
4072 2523
6262 2524
7165 2525
17788 2526
23100 2527
23957 2528
4088 2529
16960 2530
6061 2531
7666 2532
8173 2533
8847 2534
2988 2535
12487 2536
2992 2537
2993 2538
2998 2539
2997 2540
3000 2541
3006 2542
3001 2543
3002 2544
3008 2545
15858 2546
3011 2547
3015 2548
10735 2549
3023 2550
3036 2551
3038 2552
3039 2553
3046 2554
22008 2555
3047 2556
3052 2557
3476 2558
6222 2559
6633 2560
7669 2561
9313 2562
11773 2563
21708 2564
21709 2565
22835 2566
3054 2567
1733 2568
3056 2569
3058 2570
3062 2571
5319 2572
3067 2573
3117 2574
7735 2575
8169 2576
18706 2577
20824 2578
20986 2579
3069 2580
3070 2581
5998 2582
23584 2583
3087 2584
15962 2585
3115 2586
3116 2587
3114 2588
3120 2589
13326 2590
3119 2591
3132 2592
3137 2593
3144 2594
3160 2595
3806 2596
3175 2597
8801 2598
3176 2599
6438 2600
6440 2601
3207 2602
21107 2603
3211 2604
7698 2605
10054 2606
11371 2607
11372 2608
11374 2609
17984 2610
23092 2611
23094 2612
24164 2613
24989 2614
3214 2615
3220 2616
3224 2617
24094 2618
3225 2619
3226 2620
9358 2621
15523 2622
19028 2623
3483 2624
3800 2625
4658 2626
5739 2627
9758 2628
11415 2629
11925 2630
12176 2631
12858 2632
15099 2633
15689 2634
17239 2635
17590 2636
18334 2637
18386 2638
22219 2639
22841 2640
3238 2641
22231 2642
3239 2643
14724 2644
3241 2645
5002 2646
3243 2647
5383 2648
6410 2649
7546 2650
16334 2651
17026 2652
18173 2653
19000 2654
24600 2655
3247 2656
22224 2657
3250 2658
3621 2659
7850 2660
9066 2661
9067 2662
11708 2663
11935 2664
13949 2665
15549 2666
15554 2667
16187 2668
18978 2669
21232 2670
21233 2671
21240 2672
24920 2673
3254 2674
7849 2675
19438 2676
24800 2677
3609 2678
3263 2679
3264 2680
14039 2681
5222 2682
21034 2683
3274 2684
15384 2685
3279 2686
3281 2687
3286 2688
4898 2689
4899 2690
4901 2691
19229 2692
24979 2693
24980 2694
24990 2695
3289 2696
3302 2697
18799 2698
19057 2699
3303 2700
3306 2701
18426 2702
3310 2703
4766 2704
13011 2705
3316 2706
20475 2707
3343 2708
17901 2709
22365 2710
3357 2711
3378 2712
3379 2713
13947 2714
11229 2715
12225 2716
14985 2717
3384 2718
22013 2719
3385 2720
3386 2721
3387 2722
7108 2723
24812 2724
3431 2725
3442 2726
21488 2727
3447 2728
21489 2729
3479 2730
16814 2731
3482 2732
9896 2733
7437 2734
23295 2735
3501 2736
3509 2737
4 2738
12088 2739
12890 2740
19123 2741
22431 2742
3029 2743
3792 2744
3802 2745
5466 2746
5981 2747
6409 2748
7098 2749
7707 2750
7785 2751
8120 2752
9222 2753
9226 2754
11568 2755
13897 2756
14704 2757
17872 2758
20837 2759
21105 2760
21249 2761
21501 2762
23844 2763
3849 2764
4232 2765
5925 2766
24794 2767
3525 2768
12566 2769
24504 2770
3526 2771
13401 2772
19044 2773
3539 2774
20285 2775
3561 2776
3593 2777
3595 2778
3594 2779
3600 2780
3602 2781
3606 2782
22785 2783
3618 2784
5065 2785
5417 2786
6277 2787
7851 2788
7857 2789
9070 2790
9169 2791
11702 2792
11936 2793
14314 2794
14671 2795
15550 2796
19124 2797
20253 2798
9427 2799
16189 2800
3623 2801
3626 2802
3627 2803
3628 2804
3630 2805
3642 2806
3643 2807
3659 2808
9773 2809
9775 2810
3660 2811
17619 2812
10113 2813
12409 2814
16775 2815
20430 2816
2400 2817
2420 2818
3381 2819
8175 2820
18692 2821
18693 2822
18694 2823
20278 2824
23042 2825
24618 2826
24619 2827
24620 2828
3673 2829
23357 2830
3674 2831
3679 2832
4606 2833
4607 2834
4609 2835
4610 2836
4612 2837
4614 2838
4615 2839
9543 2840
10633 2841
12135 2842
18042 2843
18051 2844
22298 2845
3686 2846
3696 2847
3728 2848
12383 2849
13552 2850
24071 2851
24074 2852
3729 2853
15074 2854
15077 2855
15078 2856
3740 2857
20887 2858
9502 2859
14038 2860
14181 2861
14184 2862
15181 2863
15578 2864
17575 2865
19317 2866
23893 2867
24295 2868
3787 2869
8657 2870
3789 2871
8491 2872
3791 2873
3794 2874
3796 2875
5495 2876
12777 2877
12934 2878
19303 2879
21823 2880
23505 2881
3801 2882
3804 2883
20483 2884
3809 2885
13658 2886
5586 2887
5589 2888
5591 2889
5613 2890
6712 2891
20838 2892
20843 2893
21821 2894
21824 2895
21827 2896
21828 2897
3824 2898
3836 2899
3839 2900
4247 2901
4249 2902
4251 2903
4895 2904
4904 2905
3843 2906
3852 2907
7207 2908
12280 2909
3854 2910
15747 2911
6294 2912
8534 2913
13232 2914
13832 2915
13921 2916
21369 2917
3858 2918
3860 2919
3859 2920
3879 2921
8993 2922
15696 2923
3888 2924
2879 2925
11428 2926
18424 2927
18855 2928
20432 2929
24153 2930
24606 2931
6050 2932
12484 2933
15101 2934
17635 2935
21785 2936
24154 2937
24160 2938
24508 2939
3900 2940
11570 2941
13699 2942
15861 2943
16173 2944
16306 2945
16311 2946
19291 2947
21014 2948
24157 2949
24158 2950
9359 2951
9360 2952
11573 2953
11576 2954
12488 2955
24155 2956
3907 2957
21599 2958
3917 2959
16523 2960
3922 2961
7012 2962
9620 2963
9745 2964
17213 2965
17492 2966
19245 2967
21002 2968
22218 2969
3923 2970
20620 2971
22212 2972
3933 2973
3934 2974
5269 2975
7418 2976
3967 2977
10593 2978
16305 2979
16315 2980
18104 2981
18105 2982
18810 2983
20058 2984
21907 2985
3977 2986
6016 2987
3986 2988
6404 2989
3992 2990
3993 2991
5794 2992
9292 2993
9293 2994
9295 2995
14430 2996
14431 2997
14432 2998
14433 2999
14470 3000
14477 3001
15823 3002
15824 3003
15825 3004
20070 3005
3994 3006
5005 3007
15817 3008
15818 3009
15822 3010
4001 3011
17754 3012
4417 3013
811 3014
15132 3015
4030 3016
19431 3017
4033 3018
9428 3019
4035 3020
4041 3021
14488 3022
19853 3023
20062 3024
14245 3025
1206 3026
19770 3027
20291 3028
22903 3029
4089 3030
4096 3031
4363 3032
4102 3033
4986 3034
4132 3035
13937 3036
4133 3037
4148 3038
23138 3039
23139 3040
4155 3041
16258 3042
4158 3043
4172 3044
4174 3045
4175 3046
4178 3047
11667 3048
12771 3049
17034 3050
17035 3051
17037 3052
17038 3053
17040 3054
17041 3055
19849 3056
19851 3057
20066 3058
20067 3059
4173 3060
4177 3061
4180 3062
11666 3063
17036 3064
19850 3065
19854 3066
20064 3067
17039 3068
17042 3069
8508 3070
8440 3071
9976 3072
11665 3073
19852 3074
20063 3075
4179 3076
20065 3077
19848 3078
4189 3079
10930 3080
4190 3081
11981 3082
9216 3083
9886 3084
9892 3085
13464 3086
17123 3087
19947 3088
14665 3089
9891 3090
18083 3091
9625 3092
24764 3093
17312 3094
4208 3095
4209 3096
4210 3097
4220 3098
4225 3099
4227 3100
4235 3101
4897 3102
13009 3103
21510 3104
4248 3105
4250 3106
4272 3107
4273 3108
4278 3109
4790 3110
16782 3111
21155 3112
4308 3113
12909 3114
4309 3115
4315 3116
6793 3117
12797 3118
17246 3119
17679 3120
4322 3121
4326 3122
4334 3123
9185 3124
4353 3125
4354 3126
19765 3127
1012 3128
4413 3129
18815 3130
4418 3131
21922 3132
4428 3133
17756 3134
4436 3135
2810 3136
21259 3137
4441 3138
4449 3139
23473 3140
4456 3141
4471 3142
4474 3143
4472 3144
4475 3145
4480 3146
4481 3147
4483 3148
4485 3149
6620 3150
4503 3151
11659 3152
12784 3153
4508 3154
4510 3155
4509 3156
4518 3157
4524 3158
11639 3159
16723 3160
19225 3161
19227 3162
22196 3163
4525 3164
4720 3165
16722 3166
23177 3167
24289 3168
24290 3169
4526 3170
4527 3171
24288 3172
4529 3173
4533 3174
10983 3175
10984 3176
4537 3177
4909 3178
4565 3179
11429 3180
4597 3181
4601 3182
4605 3183
20429 3184
4621 3185
4628 3186
4629 3187
4630 3188
14383 3189
4634 3190
4639 3191
4640 3192
4641 3193
18650 3194
4642 3195
4647 3196
4662 3197
4674 3198
4675 3199
11862 3200
11863 3201
11865 3202
4678 3203
9264 3204
922 3205
4692 3206
11566 3207
10510 3208
10374 3209
21400 3210
20433 3211
24975 3212
4719 3213
23515 3214
4726 3215
4747 3216
4757 3217
22060 3218
4764 3219
4769 3220
4770 3221
21460 3222
4787 3223
4788 3224
4796 3225
4824 3226
13827 3227
4842 3228
16243 3229
4854 3230
21739 3231
4860 3232
6632 3233
7229 3234
16871 3235
20037 3236
1637 3237
4447 3238
5323 3239
6951 3240
7492 3241
10855 3242
11577 3243
20258 3244
21215 3245
22227 3246
23625 3247
4862 3248
11542 3249
17115 3250
4869 3251
4870 3252
4871 3253
4874 3254
4885 3255
4896 3256
24978 3257
4906 3258
2101 3259
13403 3260
4915 3261
4934 3262
4935 3263
4959 3264
4966 3265
4983 3266
23098 3267
23713 3268
1351 3269
10603 3270
9841 3271
5017 3272
14964 3273
8111 3274
19524 3275
5030 3276
22014 3277
5035 3278
5047 3279
13220 3280
16791 3281
5073 3282
5085 3283
5785 3284
5086 3285
5087 3286
5091 3287
5107 3288
5120 3289
5121 3290
5132 3291
18973 3292
5135 3293
5152 3294
2859 3295
12657 3296
23639 3297
5189 3298
9356 3299
9357 3300
9505 3301
9537 3302
9840 3303
5171 3304
7605 3305
14246 3306
24882 3307
24883 3308
5172 3309
16790 3310
5177 3311
23415 3312
23416 3313
5184 3314
14316 3315
14318 3316
6500 3317
5193 3318
5207 3319
5217 3320
20720 3321
5218 3322
7657 3323
6987 3324
7491 3325
8606 3326
8838 3327
14288 3328
14289 3329
19874 3330
21553 3331
21941 3332
22018 3333
22270 3334
22741 3335
23041 3336
23160 3337
5237 3338
6495 3339
5238 3340
21318 3341
5242 3342
5315 3343
5778 3344
7816 3345
14632 3346
5252 3347
19003 3348
8427 3349
8656 3350
9764 3351
18348 3352
5254 3353
5267 3354
7117 3355
5273 3356
14169 3357
18537 3358
20669 3359
5282 3360
12902 3361
4786 3362
7574 3363
5320 3364
6007 3365
20204 3366
5367 3367
7337 3368
5374 3369
11992 3370
5409 3371
5420 3372
5425 3373
5427 3374
15422 3375
3914 3376
3915 3377
3919 3378
16167 3379
16169 3380
16172 3381
21822 3382
23233 3383
6575 3384
6580 3385
6581 3386
7942 3387
8774 3388
9305 3389
11312 3390
11921 3391
11978 3392
14916 3393
14918 3394
14919 3395
18035 3396
18084 3397
18095 3398
18735 3399
19288 3400
20617 3401
20622 3402
20960 3403
22308 3404
23118 3405
23229 3406
23831 3407
5441 3408
19145 3409
5442 3410
7634 3411
22526 3412
5444 3413
16726 3414
5446 3415
6202 3416
14040 3417
18670 3418
19058 3419
8296 3420
10063 3421
20055 3422
5467 3423
5476 3424
5508 3425
12773 3426
5487 3427
1067 3428
1069 3429
5488 3430
5493 3431
12774 3432
5494 3433
5496 3434
5497 3435
5502 3436
5509 3437
5519 3438
17529 3439
5540 3440
5546 3441
13149 3442
5552 3443
8101 3444
17384 3445
5559 3446
14706 3447
5590 3448
6715 3449
465 3450
24789 3451
5614 3452
5628 3453
5630 3454
5631 3455
5641 3456
5649 3457
5659 3458
5660 3459
5705 3460
6720 3461
8348 3462
8896 3463
11318 3464
12023 3465
13445 3466
13922 3467
14491 3468
15216 3469
15860 3470
19483 3471
19596 3472
20717 3473
21090 3474
21166 3475
21325 3476
22795 3477
23184 3478
5664 3479
2773 3480
8693 3481
5666 3482
22181 3483
5695 3484
5701 3485
5697 3486
5700 3487
11879 3488
11883 3489
17518 3490
5717 3491
4814 3492
15274 3493
5733 3494
8420 3495
5736 3496
15027 3497
5745 3498
12904 3499
5755 3500
7015 3501
5760 3502
5763 3503
802 3504
8354 3505
5786 3506
5788 3507
5791 3508
9613 3509
13358 3510
5827 3511
22221 3512
5829 3513
5830 3514
22515 3515
5859 3516
5861 3517
15408 3518
22388 3519
5862 3520
22746 3521
5863 3522
5864 3523
5868 3524
8991 3525
9084 3526
13757 3527
5871 3528
9733 3529
11747 3530
12384 3531
14096 3532
24134 3533
5873 3534
16316 3535
22718 3536
5875 3537
5887 3538
21100 3539
5888 3540
16639 3541
5890 3542
20041 3543
5899 3544
8887 3545
5944 3546
5953 3547
8741 3548
8748 3549
5954 3550
5955 3551
5957 3552
16119 3553
22836 3554
5956 3555
5960 3556
5961 3557
20453 3558
5972 3559
17481 3560
5974 3561
5975 3562
19087 3563
5996 3564
9328 3565
5997 3566
15606 3567
4138 3568
8806 3569
10885 3570
11121 3571
14043 3572
14548 3573
21098 3574
9211 3575
18769 3576
12532 3577
15917 3578
22938 3579
6103 3580
6104 3581
6008 3582
6039 3583
6038 3584
6040 3585
6041 3586
20566 3587
6045 3588
6049 3589
11240 3590
18040 3591
6052 3592
6053 3593
15251 3594
21069 3595
21070 3596
6054 3597
6055 3598
13175 3599
17725 3600
6065 3601
6069 3602
11719 3603
6075 3604
19577 3605
6084 3606
8994 3607
6086 3608
6087 3609
11859 3610
6124 3611
6097 3612
24585 3613
6144 3614
6914 3615
7806 3616
9482 3617
12728 3618
23406 3619
24633 3620
6146 3621
6156 3622
15407 3623
15412 3624
6157 3625
6160 3626
6169 3627
6180 3628
16322 3629
22708 3630
950 3631
951 3632
953 3633
7270 3634
16675 3635
6192 3636
6193 3637
7271 3638
6206 3639
8932 3640
15948 3641
20021 3642
23776 3643
6208 3644
7597 3645
6210 3646
6212 3647
6215 3648
6216 3649
13952 3650
20112 3651
20113 3652
6235 3653
6236 3654
6238 3655
6239 3656
6242 3657
24927 3658
6255 3659
9383 3660
9384 3661
6264 3662
6266 3663
6268 3664
10307 3665
6270 3666
6289 3667
6292 3668
6295 3669
6990 3670
6296 3671
6306 3672
24177 3673
6313 3674
6321 3675
12883 3676
15829 3677
19877 3678
6322 3679
351 3680
6327 3681
6930 3682
23858 3683
23917 3684
12903 3685
21921 3686
22134 3687
22533 3688
7604 3689
23039 3690
13609 3691
17816 3692
4212 3693
9746 3694
11797 3695
14881 3696
16796 3697
22192 3698
9456 3699
13402 3700
15447 3701
16155 3702
17237 3703
17981 3704
19593 3705
6755 3706
10831 3707
19090 3708
21176 3709
6336 3710
6351 3711
20314 3712
22962 3713
6352 3714
6363 3715
6377 3716
6394 3717
6395 3718
6399 3719
6397 3720
6398 3721
6411 3722
6413 3723
6415 3724
12600 3725
9217 3726
23356 3727
6468 3728
6489 3729
6493 3730
6494 3731
13514 3732
20502 3733
6504 3734
6506 3735
19439 3736
22915 3737
6540 3738
6718 3739
20649 3740
6562 3741
18999 3742
6564 3743
6587 3744
19069 3745
24712 3746
6597 3747
6598 3748
6609 3749
6618 3750
8942 3751
11662 3752
6630 3753
10929 3754
17222 3755
21567 3756
22418 3757
24237 3758
8928 3759
16495 3760
16601 3761
10635 3762
11555 3763
15386 3764
17968 3765
21570 3766
24016 3767
24242 3768
24880 3769
6641 3770
9277 3771
6647 3772
11185 3773
6648 3774
7808 3775
7809 3776
18566 3777
20973 3778
1721 3779
18039 3780
19148 3781
2937 3782
17403 3783
8433 3784
6683 3785
9004 3786
6689 3787
6690 3788
6423 3789
20195 3790
21307 3791
6711 3792
3918 3793
3920 3794
9469 3795
21152 3796
10497 3797
10774 3798
20949 3799
21367 3800
22244 3801
6745 3802
6746 3803
6754 3804
11170 3805
6786 3806
6788 3807
6577 3808
6789 3809
15211 3810
22312 3811
6790 3812
6809 3813
6844 3814
6879 3815
11169 3816
6897 3817
6898 3818
12290 3819
6902 3820
6913 3821
9744 3822
19339 3823
20177 3824
21006 3825
22213 3826
24584 3827
24862 3828
6939 3829
6960 3830
10225 3831
6967 3832
14902 3833
6972 3834
24742 3835
6973 3836
5098 3837
5699 3838
7395 3839
7423 3840
7689 3841
7778 3842
8225 3843
9014 3844
10694 3845
11514 3846
12615 3847
15001 3848
15880 3849
16680 3850
19110 3851
19221 3852
20254 3853
21667 3854
23910 3855
24337 3856
24653 3857
6981 3858
6982 3859
6988 3860
6991 3861
12337 3862
13339 3863
22429 3864
22796 3865
8178 3866
9272 3867
6992 3868
6994 3869
6995 3870
6996 3871
6998 3872
6999 3873
7000 3874
7001 3875
7005 3876
7004 3877
7013 3878
7014 3879
7016 3880
7040 3881
20506 3882
7048 3883
9503 3884
7051 3885
11840 3886
16768 3887
21808 3888
23226 3889
23410 3890
10269 3891
14718 3892
17417 3893
7070 3894
7095 3895
15496 3896
7096 3897
15947 3898
22359 3899
7099 3900
7390 3901
8187 3902
8350 3903
11063 3904
14728 3905
15135 3906
21770 3907
21771 3908
4532 3909
7129 3910
7189 3911
7638 3912
7205 3913
15479 3914
7230 3915
9704 3916
17485 3917
17809 3918
7261 3919
7263 3920
14447 3921
20724 3922
7298 3923
7299 3924
7309 3925
7314 3926
7328 3927
17154 3928
7332 3929
7335 3930
7333 3931
7336 3932
7354 3933
7355 3934
7357 3935
7369 3936
7370 3937
7386 3938
7401 3939
7402 3940
7403 3941
7409 3942
12596 3943
7415 3944
9734 3945
19981 3946
7419 3947
6868 3948
24338 3949
7420 3950
5044 3951
8646 3952
17509 3953
17627 3954
19674 3955
8975 3956
8976 3957
8978 3958
8979 3959
8980 3960
8981 3961
18225 3962
18227 3963
19993 3964
20050 3965
20056 3966
21244 3967
7443 3968
8369 3969
7451 3970
5694 3971
7468 3972
7489 3973
7507 3974
24818 3975
7531 3976
7532 3977
7533 3978
12833 3979
18373 3980
23331 3981
7537 3982
7538 3983
17827 3984
7543 3985
7557 3986
14752 3987
20280 3988
7558 3989
7559 3990
14247 3991
6705 3992
1718 3993
14703 3994
7565 3995
16373 3996
9878 3997
4037 3998
6418 3999
14453 4000
15820 4001
23504 4002
20521 4003
7582 4004
7583 4005
7584 4006
7593 4007
7592 4008
7606 4009
12897 4010
14659 4011
16872 4012
17400 4013
7622 4014
1272 4015
16727 4016
9946 4017
7654 4018
7656 4019
17733 4020
17256 4021
7668 4022
7670 4023
5809 4024
7673 4025
8537 4026
17805 4027
11733 4028
11739 4029
11734 4030
18226 4031
7786 4032
8835 4033
14285 4034
16319 4035
20867 4036
7725 4037
6057 4038
7729 4039
7733 4040
20003 4041
7734 4042
7737 4043
7730 4044
7731 4045
7751 4046
7777 4047
7779 4048
7780 4049
23077 4050
7783 4051
12089 4052
8755 4053
15299 4054
7805 4055
18593 4056
3129 4057
14694 4058
7825 4059
24942 4060
7828 4061
7831 4062
7832 4063
416 4064
7836 4065
18459 4066
24460 4067
7879 4068
7947 4069
16566 4070
7886 4071
7887 4072
7888 4073
4914 4074
5000 4075
19247 4076
7909 4077
7910 4078
7935 4079
18969 4080
7945 4081
7948 4082
7953 4083
21043 4084
6546 4085
7960 4086
18590 4087
7965 4088
707 4089
7977 4090
3574 4091
5711 4092
24236 4093
7978 4094
7791 4095
10259 4096
7979 4097
11353 4098
14541 4099
21504 4100
24234 4101
3604 4102
10816 4103
20536 4104
20873 4105
20974 4106
8982 4107
8002 4108
1689 4109
8041 4110
8056 4111
8064 4112
8066 4113
9925 4114
8067 4115
8068 4116
8070 4117
8071 4118
8072 4119
1523 4120
13927 4121
20532 4122
8077 4123
8083 4124
8096 4125
17535 4126
17537 4127
17539 4128
18985 4129
22442 4130
8112 4131
7020 4132
8963 4133
17538 4134
8114 4135
13265 4136
17533 4137
17541 4138
22443 4139
8128 4140
14334 4141
16310 4142
18881 4143
8165 4144
12485 4145
24161 4146
8168 4147
16307 4148
8188 4149
5514 4150
10321 4151
13556 4152
8189 4153
8191 4154
17287 4155
19240 4156
8212 4157
8214 4158
11722 4159
1437 4160
8239 4161
8267 4162
12216 4163
8269 4164
12217 4165
24638 4166
8284 4167
12210 4168
8288 4169
8303 4170
8312 4171
8313 4172
8322 4173
8325 4174
8326 4175
8328 4176
8323 4177
8329 4178
8330 4179
8331 4180
8333 4181
10400 4182
18137 4183
583 4184
17831 4185
17839 4186
23843 4187
24530 4188
8370 4189
8373 4190
8377 4191
8387 4192
17717 4193
13116 4194
8423 4195
8431 4196
8470 4197
8888 4198
8476 4199
8886 4200
8483 4201
8484 4202
8488 4203
2805 4204
8489 4205
8509 4206
8511 4207
8512 4208
19872 4209
17189 4210
8514 4211
8515 4212
14651 4213
8564 4214
15560 4215
8565 4216
8590 4217
8593 4218
8605 4219
9085 4220
12933 4221
21969 4222
23442 4223
8618 4224
8625 4225
19340 4226
8630 4227
6025 4228
16684 4229
8653 4230
8655 4231
8911 4232
8672 4233
8696 4234
8707 4235
8733 4236
16318 4237
8716 4238
4937 4239
7425 4240
7426 4241
19234 4242
12531 4243
8724 4244
1744 4245
8730 4246
21895 4247
6302 4248
8739 4249
11293 4250
8745 4251
8749 4252
8750 4253
8762 4254
8763 4255
8781 4256
17190 4257
18017 4258
155 4259
22527 4260
8792 4261
8795 4262
10230 4263
8820 4264
8823 4265
16874 4266
16876 4267
8824 4268
16875 4269
11171 4270
12534 4271
12745 4272
13376 4273
14002 4274
14425 4275
14426 4276
17641 4277
18697 4278
22384 4279
24630 4280
24899 4281
6791 4282
20363 4283
8841 4284
3587 4285
8851 4286
8882 4287
1969 4288
8899 4289
6096 4290
8953 4291
9144 4292
15444 4293
18190 4294
18196 4295
8954 4296
11258 4297
15446 4298
18192 4299
18194 4300
18195 4301
8974 4302
8977 4303
8992 4304
18605 4305
18606 4306
12936 4307
9007 4308
9033 4309
9056 4310
9057 4311
23428 4312
9072 4313
9075 4314
14539 4315
9086 4316
12108 4317
14960 4318
9089 4319
14333 4320
20246 4321
22672 4322
9112 4323
9266 4324
9113 4325
22809 4326
9130 4327
4811 4328
9142 4329
11189 4330
15445 4331
19363 4332
9147 4333
19744 4334
9182 4335
9183 4336
9184 4337
22712 4338
22710 4339
23897 4340
9197 4341
16571 4342
11905 4343
9206 4344
9209 4345
18919 4346
22326 4347
20482 4348
15734 4349
9235 4350
17961 4351
17556 4352
14712 4353
9263 4354
18731 4355
22776 4356
14259 4357
13768 4358
9269 4359
3168 4360
9285 4361
16683 4362
1967 4363
14646 4364
21671 4365
13366 4366
16794 4367
21866 4368
9326 4369
9370 4370
9457 4371
13491 4372
13493 4373
17050 4374
9382 4375
9386 4376
9402 4377
9401 4378
9408 4379
9414 4380
9416 4381
9420 4382
21046 4383
21047 4384
9417 4385
9418 4386
21048 4387
9419 4388
9421 4389
9422 4390
9440 4391
10066 4392
11368 4393
19745 4394
17716 4395
9471 4396
9472 4397
18702 4398
9479 4399
21272 4400
9484 4401
1641 4402
9488 4403
9495 4404
9500 4405
10309 4406
9509 4407
9518 4408
1738 4409
9519 4410
15943 4411
9526 4412
9579 4413
9162 4414
9581 4415
14750 4416
17323 4417
18850 4418
19415 4419
21305 4420
9582 4421
9609 4422
20673 4423
9611 4424
9612 4425
16810 4426
9617 4427
9618 4428
14690 4429
8732 4430
17620 4431
18526 4432
18527 4433
17491 4434
20638 4435
9622 4436
9623 4437
17890 4438
9631 4439
12442 4440
18858 4441
23148 4442
23697 4443
9658 4444
17663 4445
12536 4446
9690 4447
12077 4448
9693 4449
9699 4450
21774 4451
18186 4452
21300 4453
13797 4454
18388 4455
9747 4456
9762 4457
6116 4458
8890 4459
9763 4460
9765 4461
19413 4462
9766 4463
9767 4464
9768 4465
21874 4466
19143 4467
9788 4468
18397 4469
9792 4470
9795 4471
9811 4472
9812 4473
9814 4474
9828 4475
9835 4476
12292 4477
9861 4478
9877 4479
9798 4480
9888 4481
21861 4482
9915 4483
18943 4484
9934 4485
9935 4486
9936 4487
9937 4488
9941 4489
9960 4490
23867 4491
9966 4492
9977 4493
15570 4494
9981 4495
9994 4496
11721 4497
9997 4498
9998 4499
12527 4500
12528 4501
9999 4502
10003 4503
20641 4504
10015 4505
11399 4506
10053 4507
12888 4508
11370 4509
21247 4510
23093 4511
10064 4512
19805 4513
24855 4514
10073 4515
19165 4516
10078 4517
10086 4518
6483 4519
10091 4520
10093 4521
22735 4522
10094 4523
10105 4524
10106 4525
10117 4526
10122 4527
10143 4528
10148 4529
10157 4530
10168 4531
5231 4532
14028 4533
10169 4534
10170 4535
10181 4536
12406 4537
12403 4538
16518 4539
20504 4540
23007 4541
24661 4542
10202 4543
15655 4544
18760 4545
10210 4546
23859 4547
10216 4548
10232 4549
20152 4550
20375 4551
10226 4552
17936 4553
10227 4554
24213 4555
10233 4556
10251 4557
18594 4558
10327 4559
10328 4560
10330 4561
16721 4562
10331 4563
10333 4564
10334 4565
10335 4566
18577 4567
489 4568
14705 4569
10362 4570
13828 4571
10378 4572
10383 4573
10397 4574
10398 4575
12508 4576
14237 4577
7243 4578
19650 4579
20230 4580
22913 4581
10421 4582
10438 4583
10439 4584
10441 4585
10446 4586
10467 4587
10474 4588
22629 4589
10501 4590
10507 4591
23531 4592
10508 4593
10532 4594
21859 4595
24033 4596
10557 4597
12735 4598
10559 4599
15140 4600
18600 4601
10562 4602
10563 4603
10599 4604
10610 4605
10630 4606
10638 4607
10644 4608
17697 4609
10646 4610
10662 4611
10672 4612
10671 4613
10684 4614
10698 4615
7993 4616
10703 4617
10706 4618
10707 4619
10708 4620
10709 4621
19002 4622
8846 4623
9688 4624
10872 4625
10873 4626
10874 4627
14084 4628
16912 4629
10752 4630
20322 4631
10794 4632
10795 4633
1756 4634
10812 4635
24937 4636
10814 4637
10840 4638
10854 4639
10856 4640
10860 4641
10868 4642
10869 4643
10871 4644
19539 4645
10915 4646
10919 4647
21091 4648
10920 4649
24214 4650
10922 4651
24215 4652
10938 4653
10950 4654
4566 4655
21975 4656
22610 4657
22612 4658
10988 4659
10990 4660
11003 4661
11013 4662
11017 4663
11028 4664
11037 4665
17834 4666
17835 4667
11038 4668
17838 4669
11039 4670
17836 4671
11043 4672
11049 4673
11058 4674
11061 4675
11062 4676
22099 4677
23038 4678
11069 4679
11070 4680
11071 4681
11073 4682
304 4683
10724 4684
15142 4685
20491 4686
21644 4687
11080 4688
16783 4689
16785 4690
17576 4691
7804 4692
12744 4693
16837 4694
24776 4695
11111 4696
11114 4697
11115 4698
16231 4699
11120 4700
22183 4701
20797 4702
11122 4703
23250 4704
11142 4705
19500 4706
11145 4707
11175 4708
11177 4709
11194 4710
11196 4711
11198 4712
11199 4713
11200 4714
11201 4715
11202 4716
11226 4717
17187 4718
7114 4719
17991 4720
11251 4721
11252 4722
11253 4723
14077 4724
11254 4725
11255 4726
11261 4727
11262 4728
11270 4729
18301 4730
6573 4731
6579 4732
8761 4733
11880 4734
15245 4735
15289 4736
18093 4737
18457 4738
18742 4739
6578 4740
8779 4741
11977 4742
20618 4743
21914 4744
22310 4745
22311 4746
15806 4747
18041 4748
4585 4749
9962 4750
11881 4751
12976 4752
14920 4753
16577 4754
18038 4755
18249 4756
11311 4757
14915 4758
11203 4759
13095 4760
13964 4761
18739 4762
9116 4763
12812 4764
13171 4765
13174 4766
20508 4767
22316 4768
12470 4769
12471 4770
12472 4771
21875 4772
11321 4773
1846 4774
2608 4775
11567 4776
20262 4777
20265 4778
20266 4779
24807 4780
12013 4781
15285 4782
20808 4783
20809 4784
20810 4785
21345 4786
24224 4787
11331 4788
18330 4789
11332 4790
5527 4791
12862 4792
13242 4793
16949 4794
20319 4795
21153 4796
21157 4797
11352 4798
11366 4799
11367 4800
20171 4801
20175 4802
23236 4803
11379 4804
11380 4805
18182 4806
11381 4807
11382 4808
11383 4809
11384 4810
11385 4811
11388 4812
11394 4813
11391 4814
11395 4815
11398 4816
17043 4817
11400 4818
11403 4819
11405 4820
1874 4821
10223 4822
11407 4823
24574 4824
11409 4825
1271 4826
11410 4827
11414 4828
14439 4829
18880 4830
18884 4831
19004 4832
11466 4833
14398 4834
11467 4835
11481 4836
15864 4837
11484 4838
23004 4839
11485 4840
11486 4841
14044 4842
18783 4843
11487 4844
16784 4845
20096 4846
11488 4847
11489 4848
11493 4849
5358 4850
7529 4851
11509 4852
11518 4853
20972 4854
21292 4855
11527 4856
3961 4857
11539 4858
13108 4859
11541 4860
21568 4861
21569 4862
23986 4863
11546 4864
11556 4865
11557 4866
11558 4867
11561 4868
11562 4869
24405 4870
12407 4871
15656 4872
16313 4873
24159 4874
11586 4875
11590 4876
14035 4877
11615 4878
581 4879
1422 4880
3350 4881
10620 4882
11464 4883
11593 4884
12912 4885
13451 4886
13617 4887
13670 4888
16293 4889
17774 4890
18010 4891
18263 4892
20100 4893
20862 4894
21842 4895
23988 4896
11626 4897
11631 4898
11649 4899
11655 4900
23597 4901
11668 4902
11669 4903
11670 4904
11674 4905
11680 4906
11686 4907
12050 4908
11709 4909
11727 4910
23501 4911
20059 4912
16686 4913
11911 4914
24731 4915
20912 4916
22980 4917
18651 4918
11758 4919
11760 4920
11761 4921
11770 4922
15923 4923
21834 4924
11790 4925
21833 4926
11822 4927
11824 4928
11827 4929
16110 4930
11839 4931
11841 4932
11843 4933
11842 4934
13320 4935
1939 4936
11866 4937
11882 4938
20981 4939
13520 4940
19533 4941
13153 4942
11884 4943
11885 4944
11910 4945
19520 4946
11923 4947
11937 4948
11942 4949
11943 4950
7453 4951
24728 4952
7928 4953
11991 4954
11995 4955
12000 4956
12001 4957
12003 4958
12007 4959
14746 4960
14747 4961
14753 4962
21578 4963
24111 4964
12002 4965
12004 4966
14751 4967
12005 4968
12008 4969
14748 4970
14749 4971
19798 4972
12006 4973
14754 4974
12011 4975
12030 4976
3545 4977
12037 4978
12047 4979
12051 4980
11642 4981
12052 4982
12057 4983
12065 4984
13808 4985
1989 4986
8681 4987
12064 4988
12068 4989
12069 4990
12110 4991
18283 4992
24442 4993
12115 4994
10978 4995
23437 4996
12133 4997
12141 4998
12149 4999
12148 5000
12158 5001
12166 5002
12172 5003
12200 5004
12204 5005
12211 5006
12212 5007
12213 5008
16298 5009
17473 5010
18601 5011
10220 5012
11057 5013
12907 5014
22381 5015
6560 5016
6878 5017
16297 5018
23740 5019
12220 5020
12248 5021
12838 5022
11887 5023
15563 5024
19246 5025
12264 5026
7743 5027
12266 5028
16975 5029
20098 5030
23417 5031
12279 5032
12308 5033
12304 5034
12319 5035
23158 5036
12320 5037
14534 5038
12325 5039
20027 5040
12339 5041
12364 5042
21266 5043
21269 5044
12374 5045
12379 5046
16564 5047
20593 5048
12377 5049
1133 5050
16673 5051
16752 5052
16753 5053
16754 5054
12385 5055
12386 5056
3661 5057
15271 5058
12388 5059
12389 5060
17216 5061
12393 5062
12405 5063
12420 5064
10266 5065
12445 5066
14308 5067
12458 5068
12459 5069
2634 5070
15186 5071
19477 5072
7082 5073
24156 5074
12491 5075
23068 5076
12500 5077
12501 5078
12511 5079
15538 5080
12526 5081
12537 5082
12540 5083
12543 5084
12544 5085
12546 5086
12553 5087
12557 5088
19529 5089
12568 5090
20380 5091
12595 5092
12835 5093
679 5094
756 5095
1572 5096
3330 5097
5204 5098
10026 5099
10500 5100
11538 5101
12464 5102
14279 5103
14658 5104
14701 5105
18515 5106
18707 5107
19168 5108
19782 5109
20515 5110
21678 5111
23952 5112
24682 5113
12599 5114
13959 5115
23949 5116
12227 5117
12460 5118
13954 5119
13985 5120
17309 5121
17581 5122
23905 5123
12602 5124
12612 5125
15303 5126
12663 5127
12668 5128
12684 5129
909 5130
12685 5131
115 5132
12686 5133
7163 5134
12689 5135
19333 5136
1182 5137
8723 5138
12476 5139
14583 5140
15209 5141
16936 5142
19189 5143
22828 5144
1181 5145
1085 5146
1183 5147
2665 5148
9959 5149
11569 5150
15208 5151
15461 5152
16230 5153
12427 5154
13355 5155
24407 5156
24509 5157
10778 5158
16507 5159
20818 5160
21180 5161
12741 5162
12742 5163
12743 5164
12764 5165
12765 5166
12766 5167
12770 5168
12778 5169
12779 5170
14666 5171
12806 5172
12787 5173
12813 5174
12814 5175
12815 5176
12816 5177
12817 5178
12841 5179
12842 5180
12843 5181
12852 5182
15159 5183
12857 5184
20637 5185
12859 5186
12861 5187
12877 5188
12882 5189
12885 5190
16789 5191
12894 5192
12896 5193
17674 5194
20097 5195
12917 5196
24351 5197
12925 5198
12932 5199
12947 5200
12954 5201
15458 5202
3803 5203
11908 5204
12989 5205
12990 5206
14452 5207
12992 5208
12997 5209
13019 5210
13024 5211
13032 5212
13070 5213
13071 5214
13072 5215
13074 5216
13075 5217
13089 5218
13103 5219
8414 5220
19228 5221
13111 5222
13148 5223
999 5224
8028 5225
13150 5226
20431 5227
22017 5228
998 5229
11276 5230
12121 5231
14009 5232
13152 5233
7759 5234
17340 5235
6875 5236
10355 5237
23263 5238
13200 5239
13205 5240
4908 5241
956 5242
984 5243
23553 5244
5372 5245
19383 5246
20816 5247
23474 5248
1899 5249
1900 5250
4735 5251
13274 5252
13281 5253
1034 5254
13306 5255
13323 5256
13325 5257
19442 5258
13370 5259
13389 5260
13409 5261
13410 5262
13419 5263
10522 5264
24470 5265
13433 5266
16320 5267
13435 5268
13444 5269
13450 5270
13455 5271
13457 5272
7393 5273
13452 5274
13480 5275
14702 5276
15819 5277
13490 5278
14134 5279
19463 5280
20454 5281
14133 5282
13492 5283
14986 5284
13507 5285
13508 5286
13509 5287
6582 5288
9377 5289
13527 5290
13530 5291
13545 5292
13558 5293
24051 5294
24072 5295
13555 5296
15276 5297
13561 5298
5010 5299
13563 5300
13564 5301
13582 5302
13595 5303
19592 5304
13591 5305
13624 5306
13648 5307
13655 5308
13665 5309
2107 5310
11652 5311
19485 5312
11653 5313
13671 5314
11650 5315
13696 5316
21988 5317
13702 5318
13704 5319
16407 5320
13705 5321
13703 5322
16406 5323
13724 5324
19512 5325
13727 5326
13728 5327
13739 5328
13741 5329
13748 5330
13756 5331
13767 5332
13782 5333
12711 5334
20293 5335
13792 5336
14606 5337
23912 5338
13802 5339
13812 5340
13813 5341
13814 5342
14838 5343
13856 5344
23950 5345
13874 5346
13880 5347
13926 5348
13942 5349
4717 5350
16809 5351
14494 5352
13953 5353
13957 5354
18703 5355
21614 5356
13963 5357
13986 5358
12905 5359
17027 5360
14025 5361
14026 5362
3459 5363
5834 5364
14031 5365
14032 5366
14389 5367
14448 5368
14772 5369
16569 5370
16750 5371
17434 5372
19988 5373
20562 5374
22228 5375
23484 5376
14041 5377
14042 5378
12682 5379
18284 5380
15870 5381
14045 5382
14053 5383
14081 5384
14083 5385
14085 5386
23202 5387
14396 5388
14091 5389
13795 5390
14094 5391
14109 5392
14116 5393
14127 5394
14143 5395
14148 5396
20460 5397
20464 5398
24825 5399
14161 5400
14170 5401
14641 5402
14185 5403
15853 5404
19506 5405
19507 5406
14186 5407
14195 5408
14202 5409
14203 5410
14233 5411
14234 5412
16801 5413
16990 5414
16563 5415
16799 5416
24322 5417
24323 5418
14236 5419
24912 5420
20602 5421
14240 5422
14244 5423
15830 5424
22528 5425
22529 5426
12441 5427
18080 5428
18088 5429
18480 5430
18538 5431
23113 5432
12277 5433
14255 5434
19186 5435
14257 5436
21845 5437
24546 5438
14258 5439
20156 5440
21847 5441
24545 5442
20153 5443
21844 5444
24550 5445
24551 5446
14264 5447
14280 5448
21167 5449
21656 5450
14325 5451
14326 5452
14329 5453
14332 5454
14342 5455
14365 5456
14377 5457
10882 5458
14378 5459
19313 5460
14442 5461
16621 5462
14391 5463
14392 5464
16682 5465
14417 5466
14419 5467
14427 5468
14437 5469
18404 5470
21196 5471
14509 5472
14511 5473
14518 5474
14519 5475
14520 5476
2463 5477
14522 5478
14523 5479
14528 5480
14537 5481
15716 5482
19254 5483
14547 5484
14554 5485
14576 5486
14594 5487
14600 5488
14602 5489
7976 5490
14603 5491
14613 5492
14614 5493
18916 5494
12613 5495
16496 5496
14657 5497
14660 5498
14662 5499
12457 5500
14681 5501
14684 5502
14687 5503
14688 5504
14689 5505
14691 5506
14693 5507
14697 5508
14699 5509
14721 5510
14727 5511
14729 5512
14731 5513
14735 5514
14737 5515
14510 5516
19239 5517
15848 5518
14783 5519
14823 5520
22249 5521
14824 5522
14830 5523
14831 5524
17540 5525
14841 5526
14850 5527
14862 5528
18696 5529
14905 5530
4595 5531
14924 5532
14927 5533
15891 5534
14929 5535
6997 5536
14937 5537
14939 5538
14957 5539
19664 5540
2716 5541
14961 5542
19983 5543
14963 5544
19062 5545
14984 5546
14987 5547
15002 5548
14979 5549
14982 5550
15048 5551
6357 5552
20081 5553
15052 5554
18540 5555
24026 5556
15073 5557
16737 5558
20966 5559
21123 5560
24053 5561
427 5562
16736 5563
20967 5564
20968 5565
21064 5566
24070 5567
19179 5568
15080 5569
7950 5570
11139 5571
15109 5572
15113 5573
15114 5574
21213 5575
16099 5576
15152 5577
24204 5578
15160 5579
15162 5580
15164 5581
15178 5582
24690 5583
24691 5584
24693 5585
24694 5586
16195 5587
15218 5588
18710 5589
15233 5590
15243 5591
15248 5592
15256 5593
15264 5594
15266 5595
10490 5596
23305 5597
15286 5598
15287 5599
24808 5600
15291 5601
15296 5602
15317 5603
15318 5604
15323 5605
15889 5606
15324 5607
15325 5608
15326 5609
15327 5610
20044 5611
20048 5612
21370 5613
15332 5614
23540 5615
15334 5616
21682 5617
15336 5618
15346 5619
9650 5620
15356 5621
15359 5622
15360 5623
15365 5624
15366 5625
15367 5626
15369 5627
15387 5628
17121 5629
15409 5630
15411 5631
17326 5632
15413 5633
19226 5634
15415 5635
15894 5636
15896 5637
15448 5638
15442 5639
15455 5640
11219 5641
15469 5642
15467 5643
15470 5644
15472 5645
15675 5646
15482 5647
15500 5648
15501 5649
15502 5650
18871 5651
22834 5652
15503 5653
16555 5654
15546 5655
15571 5656
15576 5657
15577 5658
19458 5659
21120 5660
16935 5661
22621 5662
15652 5663
15653 5664
15678 5665
15690 5666
13717 5667
22788 5668
15721 5669
15724 5670
15756 5671
11393 5672
15759 5673
1070 5674
15784 5675
21825 5676
15790 5677
18634 5678
23632 5679
15791 5680
15800 5681
15827 5682
15835 5683
13657 5684
15842 5685
7686 5686
15852 5687
15855 5688
15856 5689
13799 5690
2099 5691
11030 5692
16492 5693
21258 5694
15863 5695
15878 5696
15876 5697
18162 5698
15890 5699
15893 5700
15895 5701
15904 5702
15906 5703
11083 5704
21328 5705
15961 5706
15968 5707
15974 5708
12428 5709
18481 5710
16009 5711
16010 5712
16013 5713
16048 5714
2979 5715
16086 5716
16088 5717
16090 5718
16100 5719
16102 5720
18224 5721
22006 5722
16127 5723
16156 5724
16158 5725
16176 5726
16177 5727
16178 5728
16191 5729
1757 5730
16232 5731
10273 5732
3985 5733
16250 5734
16257 5735
16259 5736
16269 5737
16280 5738
16283 5739
16285 5740
16284 5741
16286 5742
23743 5743
16299 5744
23741 5745
21654 5746
22147 5747
16328 5748
16348 5749
17511 5750
16356 5751
16395 5752
16417 5753
16418 5754
16419 5755
16432 5756
16436 5757
16450 5758
16486 5759
12620 5760
16508 5761
16517 5762
16525 5763
16547 5764
19845 5765
16548 5766
16549 5767
16552 5768
2642 5769
23574 5770
16567 5771
16568 5772
16570 5773
18626 5774
16572 5775
16573 5776
16574 5777
16578 5778
5377 5779
12201 5780
15604 5781
21080 5782
23955 5783
5376 5784
19934 5785
20589 5786
21646 5787
16581 5788
16582 5789
16588 5790
16589 5791
16592 5792
19139 5793
16605 5794
16606 5795
16607 5796
16613 5797
16622 5798
16625 5799
19184 5800
16659 5801
16664 5802
16667 5803
11779 5804
14757 5805
24018 5806
16728 5807
16755 5808
16772 5809
16773 5810
18695 5811
12411 5812
16780 5813
19789 5814
16788 5815
5439 5816
16797 5817
16800 5818
16987 5819
16802 5820
16807 5821
5327 5822
16853 5823
16886 5824
20942 5825
20944 5826
16898 5827
21020 5828
16914 5829
16915 5830
3846 5831
16918 5832
16941 5833
4440 5834
16971 5835
4835 5836
16977 5837
16985 5838
16997 5839
17001 5840
20796 5841
17048 5842
17051 5843
17054 5844
17061 5845
17065 5846
17079 5847
17080 5848
17113 5849
17117 5850
17120 5851
50 5852
17138 5853
17146 5854
17152 5855
17153 5856
17164 5857
17169 5858
17165 5859
17168 5860
17223 5861
15634 5862
17238 5863
17255 5864
17269 5865
17270 5866
17273 5867
17322 5868
15405 5869
17335 5870
17347 5871
17348 5872
17349 5873
17370 5874
18139 5875
17385 5876
17396 5877
17402 5878
13956 5879
17408 5880
23870 5881
17413 5882
17449 5883
17813 5884
17476 5885
17486 5886
17488 5887
17489 5888
938 5889
17504 5890
17544 5891
17545 5892
17554 5893
17558 5894
17573 5895
10665 5896
6877 5897
11174 5898
17782 5899
17577 5900
7421 5901
10198 5902
17604 5903
17626 5904
9586 5905
13933 5906
17629 5907
729 5908
17631 5909
17634 5910
7594 5911
15547 5912
21094 5913
17673 5914
17702 5915
17704 5916
17705 5917
17706 5918
17707 5919
17714 5920
2017 5921
17737 5922
17739 5923
17759 5924
17780 5925
17781 5926
17784 5927
17803 5928
19387 5929
20379 5930
17820 5931
13422 5932
13423 5933
17823 5934
1304 5935
20261 5936
17848 5937
17854 5938
17859 5939
17864 5940
17866 5941
16841 5942
19813 5943
24515 5944
17871 5945
14758 5946
17879 5947
17914 5948
17916 5949
17917 5950
7133 5951
17949 5952
17960 5953
17953 5954
837 5955
16430 5956
10361 5957
17252 5958
18448 5959
20516 5960
24270 5961
17986 5962
4277 5963
17999 5964
17998 5965
18015 5966
18016 5967
18030 5968
18032 5969
18033 5970
24673 5971
18052 5972
5475 5973
1828 5974
15836 5975
18110 5976
18112 5977
18120 5978
18123 5979
8951 5980
18131 5981
18141 5982
18142 5983
18148 5984
18168 5985
18164 5986
18189 5987
15450 5988
18193 5989
15443 5990
18217 5991
18418 5992
18222 5993
1571 5994
18228 5995
18247 5996
23433 5997
18250 5998
18253 5999
18260 6000
18282 6001
19658 6002
18290 6003
18297 6004
18298 6005
18314 6006
18331 6007
18343 6008
18342 6009
18368 6010
18369 6011
18394 6012
9468 6013
18398 6014
4414 6015
22787 6016
18406 6017
7903 6018
18423 6019
18422 6020
18445 6021
24957 6022
18882 6023
18454 6024
18458 6025
11250 6026
21248 6027
18470 6028
18471 6029
18472 6030
8819 6031
18487 6032
18516 6033
2272 6034
18518 6035
18519 6036
18521 6037
18523 6038
18528 6039
18539 6040
18548 6041
18560 6042
7414 6043
18583 6044
18582 6045
5009 6046
5318 6047
18609 6048
18611 6049
22591 6050
18627 6051
615 6052
3541 6053
3542 6054
3543 6055
3544 6056
19144 6057
18631 6058
18632 6059
18633 6060
18644 6061
18647 6062
18648 6063
22742 6064
18653 6065
1099 6066
18665 6067
724 6068
18705 6069
5895 6070
18713 6071
18728 6072
18746 6073
18759 6074
18764 6075
18765 6076
18766 6077
18767 6078
22058 6079
18814 6080
18818 6081
11227 6082
18823 6083
18819 6084
18820 6085
18821 6086
10957 6087
18848 6088
22727 6089
23626 6090
512 6091
18856 6092
18857 6093
18859 6094
18872 6095
18883 6096
18897 6097
10146 6098
18925 6099
4781 6100
5365 6101
18934 6102
19146 6103
18950 6104
18955 6105
18957 6106
5973 6107
18989 6108
18994 6109
18998 6110
19001 6111
19006 6112
45 6113
19019 6114
19018 6115
19020 6116
4594 6117
19026 6118
19015 6119
19027 6120
19017 6121
19031 6122
13247 6123
19029 6124
19034 6125
19023 6126
10729 6127
10731 6128
18599 6129
17145 6130
23411 6131
23566 6132
19064 6133
19078 6134
2845 6135
19122 6136
20092 6137
19138 6138
3213 6139
24601 6140
19204 6141
19210 6142
19220 6143
19224 6144
19235 6145
19236 6146
20377 6147
19263 6148
19268 6149
19292 6150
19305 6151
19306 6152
19308 6153
21554 6154
19310 6155
21854 6156
19311 6157
19312 6158
19315 6159
19318 6160
19320 6161
15865 6162
19341 6163
17358 6164
19342 6165
19360 6166
10120 6167
19372 6168
21306 6169
19416 6170
19417 6171
19418 6172
19419 6173
19426 6174
19484 6175
19486 6176
19489 6177
19510 6178
23224 6179
23225 6180
19528 6181
19527 6182
19534 6183
19536 6184
1026 6185
19560 6186
19561 6187
19562 6188
19563 6189
19566 6190
23883 6191
19620 6192
10367 6193
23503 6194
19655 6195
19663 6196
19724 6197
20462 6198
19749 6199
19777 6200
21158 6201
19820 6202
20138 6203
19837 6204
19839 6205
22941 6206
7125 6207
1997 6208
19878 6209
19880 6210
19881 6211
19895 6212
19917 6213
19918 6214
19922 6215
20469 6216
19924 6217
9380 6218
19919 6219
21410 6220
19942 6221
10315 6222
19955 6223
19959 6224
22665 6225
22666 6226
19966 6227
19969 6228
19970 6229
19976 6230
19978 6231
19979 6232
19984 6233
19985 6234
9274 6235
15651 6236
19987 6237
19989 6238
19991 6239
19992 6240
19994 6241
20034 6242
4356 6243
20043 6244
18264 6245
18265 6246
16838 6247
20068 6248
20094 6249
20101 6250
20108 6251
20109 6252
20110 6253
20126 6254
11453 6255
20140 6256
20154 6257
20178 6258
20189 6259
20188 6260
20192 6261
20211 6262
20223 6263
20226 6264
20237 6265
20248 6266
19297 6267
8091 6268
20376 6269
16976 6270
22435 6271
20313 6272
5681 6273
20315 6274
21303 6275
20335 6276
20356 6277
20362 6278
20369 6279
20374 6280
3007 6281
12571 6282
20382 6283
16626 6284
11119 6285
24976 6286
20458 6287
20461 6288
4499 6289
20492 6290
20493 6291
20494 6292
11812 6293
3477 6294
6209 6295
20511 6296
20512 6297
20524 6298
20533 6299
13456 6300
20569 6301
10039 6302
20594 6303
20595 6304
20597 6305
12570 6306
14066 6307
20616 6308
6915 6309
2524 6310
20642 6311
20644 6312
20645 6313
20652 6314
7864 6315
20671 6316
20701 6317
9820 6318
20719 6319
20722 6320
20723 6321
20730 6322
20737 6323
20741 6324
24253 6325
23913 6326
20759 6327
20760 6328
9810 6329
16536 6330
24417 6331
24615 6332
20815 6333
20820 6334
20839 6335
20840 6336
20855 6337
20857 6338
20892 6339
20900 6340
20901 6341
20903 6342
20905 6343
20947 6344
20956 6345
20957 6346
16431 6347
16725 6348
20344 6349
3376 6350
18101 6351
24302 6352
6305 6353
4477 6354
24415 6355
988 6356
989 6357
986 6358
21051 6359
18246 6360
19856 6361
22103 6362
21063 6363
21067 6364
22567 6365
21113 6366
21114 6367
21140 6368
21154 6369
21156 6370
21159 6371
21160 6372
21161 6373
21185 6374
21187 6375
21201 6376
21212 6377
13692 6378
21239 6379
21253 6380
21254 6381
21256 6382
21261 6383
21263 6384
21262 6385
21267 6386
21279 6387
24491 6388
21293 6389
21295 6390
21296 6391
21297 6392
21317 6393
16634 6394
21319 6395
18875 6396
21322 6397
21327 6398
11002 6399
21347 6400
21362 6401
21368 6402
948 6403
21382 6404
21404 6405
21417 6406
21418 6407
9732 6408
21427 6409
21429 6410
2306 6411
21448 6412
21449 6413
21487 6414
21493 6415
13000 6416
21522 6417
21528 6418
21533 6419
21942 6420
21592 6421
21655 6422
21658 6423
21659 6424
24902 6425
21665 6426
18209 6427
21669 6428
7450 6429
21683 6430
21697 6431
21704 6432
21705 6433
7231 6434
21717 6435
8502 6436
21721 6437
21734 6438
24617 6439
21772 6440
6100 6441
21805 6442
21811 6443
23889 6444
6710 6445
3916 6446
15102 6447
21839 6448
13459 6449
10067 6450
15705 6451
21865 6452
21871 6453
21876 6454
21882 6455
21891 6456
19487 6457
21903 6458
12906 6459
21970 6460
21972 6461
4970 6462
23525 6463
22004 6464
22019 6465
22020 6466
22048 6467
22051 6468
22086 6469
22132 6470
22133 6471
22139 6472
22156 6473
13291 6474
22160 6475
22184 6476
4264 6477
22197 6478
22209 6479
22215 6480
9106 6481
22223 6482
12054 6483
22226 6484
22242 6485
22245 6486
22309 6487
22358 6488
22378 6489
22391 6490
22390 6491
22392 6492
22420 6493
22428 6494
22430 6495
22432 6496
24752 6497
22436 6498
22439 6499
22446 6500
22447 6501
22461 6502
22472 6503
22502 6504
21179 6505
22509 6506
2694 6507
22531 6508
22532 6509
22534 6510
22546 6511
22547 6512
22557 6513
22600 6514
22601 6515
22613 6516
10916 6517
24722 6518
22664 6519
22679 6520
22680 6521
22683 6522
22691 6523
22703 6524
22704 6525
22705 6526
12673 6527
17882 6528
22709 6529
22721 6530
22733 6531
19407 6532
20393 6533
22736 6534
20069 6535
22768 6536
22772 6537
24916 6538
22778 6539
22780 6540
22781 6541
22782 6542
9988 6543
22786 6544
9060 6545
22814 6546
8277 6547
502 6548
9105 6549
22847 6550
22849 6551
22848 6552
22887 6553
22889 6554
22892 6555
8788 6556
22895 6557
22896 6558
22914 6559
22928 6560
11128 6561
24782 6562
22979 6563
23036 6564
23055 6565
17389 6566
14463 6567
16505 6568
23082 6569
23083 6570
23096 6571
14782 6572
23128 6573
23132 6574
23140 6575
23143 6576
23189 6577
23221 6578
23222 6579
23227 6580
23251 6581
23262 6582
16111 6583
23284 6584
23285 6585
23288 6586
23303 6587
23313 6588
23337 6589
23338 6590
23343 6591
23344 6592
23362 6593
23364 6594
23394 6595
23402 6596
466 6597
23432 6598
1771 6599
9950 6600
23438 6601
6508 6602
12775 6603
19182 6604
2995 6605
9949 6606
9951 6607
23456 6608
23460 6609
23464 6610
15128 6611
21268 6612
24380 6613
24381 6614
23502 6615
23518 6616
23519 6617
23536 6618
22925 6619
6742 6620
23567 6621
23570 6622
10771 6623
16055 6624
20079 6625
23591 6626
23621 6627
1499 6628
23627 6629
12614 6630
23634 6631
23635 6632
23641 6633
23668 6634
23669 6635
23693 6636
23694 6637
23714 6638
23715 6639
23716 6640
23748 6641
23751 6642
23782 6643
23786 6644
23789 6645
23790 6646
23799 6647
18879 6648
23824 6649
23825 6650
23828 6651
3692 6652
5680 6653
23880 6654
23935 6655
23951 6656
23969 6657
23970 6658
11985 6659
24001 6660
24017 6661
24045 6662
24054 6663
24076 6664
24084 6665
16016 6666
23399 6667
24086 6668
13059 6669
24087 6670
24101 6671
17155 6672
24115 6673
24117 6674
24119 6675
24120 6676
24165 6677
24166 6678
24178 6679
24179 6680
24198 6681
24199 6682
24200 6683
24201 6684
24202 6685
13978 6686
13979 6687
24244 6688
24245 6689
24246 6690
11685 6691
15622 6692
23698 6693
24271 6694
24292 6695
24324 6696
24327 6697
8652 6698
24331 6699
24343 6700
24346 6701
24345 6702
24350 6703
18750 6704
24352 6705
24358 6706
24361 6707
24378 6708
24397 6709
24439 6710
24483 6711
24597 6712
24607 6713
24611 6714
24614 6715
5468 6716
24648 6717
24649 6718
24664 6719
24683 6720
24687 6721
24688 6722
24692 6723
24699 6724
24702 6725
17720 6726
24716 6727
24720 6728
24717 6729
24719 6730
24718 6731
24725 6732
24726 6733
24737 6734
24743 6735
24775 6736
10837 6737
24785 6738
24787 6739
24792 6740
24819 6741
24820 6742
24821 6743
24824 6744
24848 6745
2832 6746
24879 6747
24896 6748
24897 6749
18425 6750
24901 6751
23443 6752
24919 6753
24923 6754
18492 6755
24935 6756
13299 6757
24938 6758
24939 6759
24968 6760
19447 6761
20993 6762
24982 6763
24984 6764
