14 0
19 1
2717 2
3433 3
15 4
750 5
17 6
19574 7
18 8
41 9
13418 10
23 11
17856 12
38 13
2848 14
2849 15
9150 16
40 17
2018 18
10221 19
12734 20
8986 21
42 22
18488 23
43 24
2718 25
71 26
8839 27
72 28
11390 29
101 30
12207 31
107 32
13786 33
108 34
112 35
139 36
8075 37
163 38
956 39
9793 40
184 41
7310 42
8495 43
21104 44
23379 45
24245 46
24246 47
214 48
13215 49
215 50
217 51
292 52
343 53
10349 54
366 55
8514 56
9656 57
371 58
374 59
12251 60
390 61
16891 62
21672 63
22202 64
425 65
5184 66
12737 67
15593 68
432 69
2205 70
2469 71
7659 72
19925 73
433 74
13950 75
23127 76
434 77
5074 78
8511 79
10629 80
14463 81
21231 82
458 83
12769 84
472 85
474 86
475 87
3376 88
15032 89
17735 90
19519 91
21539 92
24229 93
479 94
7992 95
480 96
7990 97
481 98
3671 99
503 100
515 101
675 102
7571 103
676 104
681 105
10352 106
16610 107
17756 108
727 109
732 110
2352 111
24333 112
761 113
14624 114
812 115
9642 116
24988 117
813 118
843 119
844 120
861 121
13116 122
893 123
13589 124
902 125
912 126
24379 127
24382 128
931 129
18709 130
939 131
9505 132
9506 133
19334 134
942 135
7822 136
11414 137
19743 138
944 139
8801 140
968 141
16675 142
971 143
10141 144
972 145
3388 146
3686 147
4612 148
4614 149
9544 150
14490 151
18043 152
18051 153
973 154
976 155
1108 156
1111 157
9482 158
987 159
6215 160
988 161
990 162
1001 163
1554 164
3814 165
3903 166
6672 167
10307 168
13209 169
1005 170
6671 171
1022 172
1032 173
22954 174
1042 175
6937 176
21102 177
1049 178
1054 179
5666 180
1055 181
14497 182
1094 183
1102 184
14318 185
11166 186
11167 187
11168 188
4506 189
16028 190
1116 191
1126 192
7080 193
21005 194
1140 195
1141 196
1142 197
1143 198
1144 199
3846 200
1151 201
1999 202
5555 203
7039 204
7788 205
8102 206
11621 207
20566 208
1153 209
8477 210
1201 211
20368 212
1223 213
1275 214
17028 215
1307 216
4767 217
1308 218
14153 219
1313 220
970 221
7599 222
12598 223
12744 224
13784 225
14555 226
19091 227
19870 228
22740 229
1323 230
24711 231
1352 232
13545 233
1355 234
1356 235
1359 236
2276 237
1368 238
10401 239
1371 240
1372 241
1379 242
8199 243
8895 244
1380 245
7949 246
21789 247
1381 248
7572 249
1382 250
489 251
4229 252
4231 253
21825 254
1384 255
7565 256
12629 257
13486 258
24987 259
1385 260
3849 261
1398 262
4232 263
5805 264
23697 265
24712 266
1416 267
17207 268
1545 269
1931 270
1595 271
1600 272
12373 273
1601 274
1623 275
2153 276
1661 277
11800 278
13741 279
1662 280
10312 281
1666 282
4363 283
1669 284
16656 285
1670 286
1722 287
23552 288
1745 289
7337 290
9846 291
1747 292
23100 293
1752 294
4611 295
1778 296
12486 297
20573 298
1798 299
12376 300
1858 301
1877 302
1891 303
1900 304
1907 305
14334 306
21105 307
1934 308
6692 309
11068 310
15977 311
16302 312
20168 313
20169 314
20172 315
20174 316
20565 317
20745 318
22394 319
24731 320
1938 321
3828 322
1940 323
3829 324
5738 325
1941 326
1961 327
1974 328
6756 329
1996 330
2000 331
2002 332
9749 333
18659 334
21864 335
23726 336
2003 337
4493 338
21536 339
2060 340
2073 341
2082 342
15407 343
2101 344
19863 345
2133 346
13038 347
23056 348
2141 349
2143 350
6035 351
2144 352
5017 353
2148 354
11128 355
17359 356
2203 357
7566 358
7569 359
10347 360
13485 361
16320 362
19927 363
24682 364
4259 365
7956 366
10740 367
12202 368
12683 369
21865 370
2210 371
2240 372
22767 373
2242 374
7440 375
2251 376
16152 377
2264 378
8371 379
2266 380
3524 381
1700 382
5455 383
15333 384
15976 385
21551 386
21938 387
23843 388
2279 389
2281 390
12876 391
2287 392
1345 393
2341 394
7995 395
8616 396
9303 397
10535 398
12733 399
15634 400
16247 401
20404 402
22919 403
2301 404
2328 405
12975 406
11888 407
12267 408
2378 409
2381 410
2383 411
2384 412
2385 413
2390 414
5749 415
2398 416
2424 417
24355 418
2453 419
20057 420
2461 421
21003 422
21004 423
2204 424
3270 425
3297 426
3316 427
3540 428
3841 429
3842 430
4021 431
5073 432
5225 433
6408 434
7664 435
7665 436
7853 437
7859 438
9754 439
10443 440
10644 441
11702 442
12060 443
12261 444
12262 445
13500 446
14314 447
14316 448
14462 449
15031 450
15043 451
15046 452
15883 453
16237 454
16902 455
16906 456
17103 457
17740 458
18440 459
18444 460
18975 461
18978 462
18996 463
19677 464
20539 465
21347 466
21535 467
22347 468
22348 469
22657 470
23759 471
24226 472
24230 473
24565 474
2472 475
17818 476
23018 477
2496 478
5271 479
23098 480
2545 481
24978 482
2550 483
15458 484
2562 485
4635 486
14455 487
19442 488
2570 489
24376 490
2571 491
2583 492
2595 493
2594 494
2635 495
8976 496
8977 497
11739 498
17990 499
18229 500
2779 501
8695 502
2806 503
2826 504
7292 505
2827 506
2828 507
2830 508
9060 509
9061 510
2831 511
3456 512
18046 513
2833 514
2845 515
2091 516
4163 517
8779 518
24860 519
13937 520
2850 521
13936 522
2887 523
2888 524
13483 525
2889 526
2891 527
10351 528
13484 529
2892 530
7568 531
2908 532
2904 533
2928 534
2933 535
16740 536
2938 537
19061 538
2943 539
18697 540
2972 541
2985 542
23450 543
2987 544
2990 545
3028 546
24878 547
3043 548
5189 549
3051 550
22005 551
3057 552
9314 553
3059 554
3061 555
3063 556
19876 557
3073 558
18707 559
3074 560
3075 561
3088 562
1794 563
3118 564
3122 565
3124 566
15827 567
18393 568
3135 569
1973 570
14494 571
21441 572
3235 573
3237 574
3247 575
19001 576
3251 577
3463 578
3254 579
3258 580
15552 581
3272 582
21031 583
3273 584
3285 585
3292 586
3306 587
3317 588
3321 589
3364 590
11824 591
3383 592
3384 593
3381 594
3387 595
12135 596
3389 597
3432 598
3523 599
3605 600
3609 601
3611 602
3619 603
3621 604
3625 605
3646 606
3669 607
15291 608
3670 609
2001 610
2425 611
18694 612
23038 613
24618 614
24620 615
8173 616
8956 617
9503 618
12410 619
24617 620
24619 621
3672 622
21051 623
12134 624
3688 625
22296 626
3690 627
3747 628
3798 629
3800 630
3803 631
3808 632
3804 633
12175 634
19742 635
6715 636
3843 637
20744 638
3856 639
3859 640
23561 641
3862 642
3891 643
1024 644
3902 645
8734 646
7294 647
8784 648
10569 649
14649 650
16311 651
20985 652
23472 653
3908 654
3926 655
3927 656
15723 657
3978 658
20056 659
3996 660
10771 661
14472 662
3997 663
4013 664
4016 665
4019 666
4044 667
4076 668
4085 669
16979 670
4135 671
13938 672
4136 673
4164 674
4175 675
4176 676
4177 677
4178 678
4180 679
4181 680
4201 681
19942 682
4202 683
4829 684
13465 685
21048 686
24762 687
4203 688
9215 689
9971 690
19943 691
4204 692
17904 693
4205 694
4206 695
4211 696
4216 697
9643 698
19440 699
5505 700
19441 701
4287 702
4423 703
12054 704
14520 705
15764 706
15766 707
21918 708
21919 709
22953 710
4441 711
4460 712
15862 713
4478 714
4479 715
4484 716
4536 717
10978 718
10979 719
10984 720
4609 721
7821 722
11661 723
4633 724
7567 725
10348 726
15185 727
4644 728
4672 729
4674 730
4677 731
5697 732
4682 733
24937 734
4739 735
1903 736
6003 737
6005 738
7417 739
4761 740
4857 741
21736 742
4866 743
20822 744
4872 745
4873 746
4874 747
4939 748
14293 749
4940 750
11822 751
4963 752
4986 753
17514 754
5010 755
5021 756
5024 757
23709 758
5025 759
5067 760
5069 761
5070 762
5071 763
5072 764
9752 765
11698 766
11699 767
12257 768
14317 769
15885 770
16908 771
18078 772
18981 773
21038 774
24568 775
5076 776
5078 777
22841 778
5087 779
5091 780
5125 781
5126 782
5127 783
5128 784
5140 785
5158 786
5159 787
5160 788
5175 789
7607 790
12884 791
16736 792
5197 793
20415 794
5220 795
20717 796
5227 797
5230 798
5232 799
5233 800
5239 801
10954 802
5240 803
5243 804
19873 805
5256 806
5272 807
5318 808
21444 809
5412 810
5413 811
5420 812
5423 813
5426 814
5427 815
5441 816
18459 817
5453 818
20053 819
5491 820
5500 821
23147 822
5562 823
5592 824
20841 825
5594 826
5598 827
5617 828
5633 829
5634 830
5700 831
5704 832
5708 833
9212 834
1762 835
17473 836
5763 837
5764 838
5767 839
5768 840
5832 841
5836 842
5864 843
16747 844
5874 845
5876 846
17628 847
5889 848
19506 849
5893 850
862 851
5901 852
5930 853
5956 854
16118 855
9415 856
10523 857
6006 858
12532 859
18753 860
6056 861
6064 862
6065 863
6088 864
6089 865
6127 866
24585 867
6148 868
6160 869
6159 870
15410 871
15412 872
6161 873
15414 874
19143 875
6170 876
6196 877
7109 878
7271 879
6208 880
6219 881
6265 882
7994 883
6267 884
6270 885
6280 886
6281 887
6283 888
6284 889
6294 890
7529 891
6295 892
6297 893
6300 894
15698 895
6307 896
6324 897
12883 898
6327 899
6329 900
6330 901
6331 902
6333 903
6690 904
22379 905
6334 906
6335 907
11121 908
6396 909
14001 910
6398 911
9711 912
13999 913
16099 914
6426 915
24456 916
6458 917
6459 918
6460 919
6462 920
6466 921
13356 922
19707 923
20397 924
24213 925
6496 926
6503 927
11570 928
6508 929
6542 930
19338 931
6589 932
10639 933
19070 934
21826 935
23504 936
6595 937
6632 938
6633 939
6634 940
691 941
17222 942
19307 943
6638 944
6639 945
6641 946
6664 947
6673 948
6682 949
6681 950
23967 951
6693 952
6727 953
6746 954
6747 955
10723 956
11933 957
15217 958
15765 959
15768 960
19595 961
21916 962
6935 963
17469 964
1981 965
3904 966
5195 967
7996 968
9382 969
9383 970
11229 971
14652 972
20175 973
21001 974
21007 975
21671 976
21974 977
22216 978
24584 979
6945 980
6946 981
4808 982
21280 983
6951 984
6405 985
6972 986
6981 987
10026 988
15882 989
6990 990
18670 991
6995 992
17036 993
6996 994
6997 995
6999 996
7000 997
7001 998
7002 999
7052 1000
23099 1001
7053 1002
22720 1003
7061 1004
7113 1005
7114 1006
7115 1007
7132 1008
7134 1009
7190 1010
16155 1011
7264 1012
7284 1013
7286 1014
7287 1015
1117 1016
9396 1017
7311 1018
7314 1019
7356 1020
7357 1021
7372 1022
7403 1023
9631 1024
9632 1025
14886 1026
14891 1027
16169 1028
7404 1029
7410 1030
12596 1031
7436 1032
8983 1033
18227 1034
7438 1035
7688 1036
7509 1037
8849 1038
18048 1039
7535 1040
7545 1041
7546 1042
15822 1043
21823 1044
488 1045
5589 1046
3140 1047
4228 1048
4230 1049
5440 1050
5718 1051
6002 1052
6421 1053
6710 1054
8171 1055
8788 1056
8790 1057
8791 1058
9797 1059
14703 1060
14707 1061
14708 1062
15821 1063
15825 1064
16170 1065
18579 1066
20835 1067
20836 1068
21820 1069
21821 1070
21824 1071
22159 1072
23232 1073
23503 1074
23695 1075
23696 1076
23961 1077
24713 1078
10375 1079
11922 1080
7588 1081
850 1082
3762 1083
4017 1084
7666 1085
8242 1086
10314 1087
10739 1088
12062 1089
12260 1090
13165 1091
13537 1092
13539 1093
13913 1094
14007 1095
14040 1096
14076 1097
14495 1098
15028 1099
15029 1100
15040 1101
15042 1102
15044 1103
15642 1104
15643 1105
16907 1106
18438 1107
18441 1108
18442 1109
18655 1110
18656 1111
18989 1112
19679 1113
21350 1114
21538 1115
21699 1116
21866 1117
22697 1118
23317 1119
23319 1120
23322 1121
23855 1122
24225 1123
24227 1124
7680 1125
7681 1126
7699 1127
7731 1128
7737 1129
7781 1130
7787 1131
7818 1132
3133 1133
7830 1134
24256 1135
7850 1136
7851 1137
7852 1138
7854 1139
7855 1140
7856 1141
7877 1142
20422 1143
7880 1144
21340 1145
7893 1146
4919 1147
21475 1148
23864 1149
7952 1150
7974 1151
5522 1152
7980 1153
24235 1154
15823 1155
8979 1156
9357 1157
8066 1158
8074 1159
3721 1160
8081 1161
24688 1162
8089 1163
8112 1164
17541 1165
8113 1166
17535 1167
8115 1168
17589 1169
8165 1170
8186 1171
80 1172
4100 1173
5334 1174
10118 1175
10269 1176
11915 1177
13830 1178
14761 1179
16887 1180
19232 1181
8219 1182
6494 1183
8324 1184
8323 1185
8396 1186
8414 1187
8415 1188
24428 1189
8416 1190
23509 1191
8436 1192
8437 1193
8442 1194
21375 1195
8489 1196
9622 1197
21984 1198
8606 1199
8607 1200
11662 1201
8630 1202
8654 1203
8698 1204
8717 1205
16316 1206
8731 1207
15270 1208
8738 1209
8783 1210
11215 1211
13196 1212
14762 1213
20636 1214
8797 1215
2285 1216
8802 1217
8840 1218
18047 1219
8798 1220
24211 1221
8799 1222
3778 1223
10225 1224
12409 1225
18693 1226
18696 1227
8852 1228
8884 1229
21703 1230
8887 1231
5910 1232
4706 1233
7946 1234
10374 1235
10509 1236
10654 1237
13160 1238
13831 1239
14982 1240
19175 1241
20750 1242
20753 1243
24100 1244
8981 1245
11740 1246
8982 1247
7635 1248
15608 1249
8994 1250
9067 1251
9068 1252
9069 1253
9071 1254
9072 1255
19678 1256
20024 1257
9077 1258
9086 1259
9087 1260
9088 1261
9120 1262
9145 1263
9171 1264
9187 1265
9211 1266
9228 1267
9244 1268
17558 1269
9271 1270
547 1271
15425 1272
9307 1273
1511 1274
2487 1275
6226 1276
18041 1277
18872 1278
20110 1279
20111 1280
23630 1281
23632 1282
9358 1283
9359 1284
9388 1285
9394 1286
5740 1287
9416 1288
9420 1289
21045 1290
9417 1291
9418 1292
21046 1293
9419 1294
9455 1295
9456 1296
9470 1297
9489 1298
9513 1299
9520 1300
19592 1301
4610 1302
9545 1303
9619 1304
9620 1305
9621 1306
18529 1307
9652 1308
20601 1309
9721 1310
9691 1311
12077 1312
9724 1313
9728 1314
9735 1315
9747 1316
9751 1317
9791 1318
16775 1319
9792 1320
561 1321
10638 1322
12773 1323
16689 1324
21215 1325
22214 1326
23637 1327
24859 1328
9812 1329
22706 1330
9813 1331
9814 1332
9828 1333
19214 1334
9934 1335
9935 1336
9936 1337
9961 1338
9777 1339
9976 1340
9997 1341
9998 1342
9999 1343
12528 1344
15389 1345
16518 1346
21067 1347
10011 1348
10072 1349
19805 1350
24854 1351
10091 1352
10094 1353
10117 1354
10124 1355
10125 1356
10144 1357
10149 1358
17313 1359
10157 1360
10191 1361
10231 1362
14704 1363
10353 1364
1972 1365
10383 1366
10397 1367
10398 1368
18037 1369
24768 1370
10418 1371
10507 1372
21926 1373
10508 1374
10560 1375
15690 1376
10575 1377
10592 1378
10608 1379
21100 1380
10612 1381
12882 1382
10623 1383
15886 1384
18075 1385
21030 1386
21037 1387
10630 1388
10645 1389
2885 1390
10663 1391
10666 1392
10670 1393
10704 1394
23845 1395
10711 1396
10839 1397
17870 1398
10869 1399
3041 1400
10870 1401
10871 1402
10916 1403
10920 1404
10950 1405
10983 1406
10986 1407
10990 1408
20202 1409
11028 1410
11079 1411
11081 1412
20795 1413
11122 1414
11123 1415
11140 1416
14249 1417
11145 1418
11194 1419
22528 1420
11231 1421
11253 1422
11254 1423
11257 1424
11276 1425
11290 1426
11298 1427
11310 1428
11311 1429
11312 1430
11315 1431
11327 1432
18332 1433
11365 1434
11381 1435
11382 1436
11384 1437
11399 1438
11409 1439
11511 1440
11510 1441
11540 1442
11541 1443
11566 1444
17873 1445
11572 1446
11574 1447
11585 1448
5086 1449
15639 1450
11663 1451
11664 1452
11665 1453
11678 1454
18439 1455
11700 1456
11701 1457
11703 1458
11705 1459
11706 1460
11707 1461
11726 1462
11732 1463
11733 1464
11744 1465
11745 1466
11747 1467
11752 1468
11776 1469
11798 1470
15925 1471
19236 1472
11827 1473
19926 1474
11880 1475
11882 1476
11883 1477
11881 1478
11918 1479
11930 1480
11935 1481
11936 1482
11938 1483
11939 1484
11940 1485
11943 1486
12030 1487
3544 1488
12059 1489
12065 1490
16795 1491
12068 1492
15401 1493
12110 1494
7402 1495
19658 1496
12116 1497
19205 1498
12118 1499
12149 1500
12148 1501
12215 1502
12216 1503
2748 1504
12091 1505
12217 1506
24462 1507
12230 1508
12249 1509
12839 1510
11887 1511
12258 1512
12259 1513
12279 1514
24177 1515
12305 1516
12304 1517
12364 1518
21432 1519
9332 1520
21265 1521
12374 1522
1165 1523
24383 1524
12377 1525
12379 1526
12393 1527
12403 1528
12458 1529
12459 1530
3120 1531
12460 1532
12472 1533
15187 1534
12485 1535
15657 1536
12500 1537
12501 1538
12509 1539
12511 1540
12526 1541
12540 1542
12545 1543
12562 1544
9676 1545
756 1546
16802 1547
18727 1548
20513 1549
24203 1550
12600 1551
10925 1552
12657 1553
12658 1554
12715 1555
12731 1556
12732 1557
15463 1558
10216 1559
16637 1560
23086 1561
23088 1562
12742 1563
24429 1564
12745 1565
4689 1566
12771 1567
12841 1568
12858 1569
2575 1570
7606 1571
20667 1572
12890 1573
12891 1574
12937 1575
9962 1576
12039 1577
12977 1578
12980 1579
12989 1580
14097 1581
13032 1582
13033 1583
13034 1584
3809 1585
4142 1586
20481 1587
13072 1588
17728 1589
13074 1590
5732 1591
17727 1592
13106 1593
13934 1594
13108 1595
5674 1596
12325 1597
13358 1598
19223 1599
19340 1600
21440 1601
13146 1602
13149 1603
13150 1604
13164 1605
13184 1606
13205 1607
4913 1608
957 1609
13220 1610
13225 1611
18706 1612
13265 1613
13303 1614
13299 1615
13323 1616
1569 1617
13428 1618
13456 1619
13591 1620
17985 1621
13491 1622
14137 1623
19462 1624
19463 1625
13492 1626
13493 1627
13494 1628
13505 1629
13506 1630
13520 1631
15861 1632
13535 1633
5680 1634
13557 1635
15277 1636
13588 1637
4637 1638
7279 1639
8342 1640
9869 1641
9947 1642
10939 1643
10940 1644
11893 1645
11894 1646
11897 1647
11899 1648
11900 1649
11917 1650
13151 1651
13587 1652
13596 1653
14498 1654
21127 1655
13672 1656
11651 1657
13718 1658
6116 1659
10725 1660
13724 1661
13729 1662
20752 1663
3603 1664
13742 1665
1168 1666
7118 1667
12711 1668
13928 1669
20291 1670
21452 1671
21499 1672
22158 1673
13799 1674
1206 1675
13815 1676
17540 1677
13833 1678
13875 1679
13916 1680
13919 1681
16503 1682
13941 1683
13943 1684
22155 1685
3275 1686
3291 1687
3295 1688
3377 1689
5068 1690
5226 1691
5229 1692
5741 1693
7763 1694
11314 1695
11704 1696
14312 1697
14313 1698
14459 1699
14460 1700
14461 1701
14466 1702
14467 1703
15030 1704
15641 1705
15644 1706
15646 1707
17101 1708
17102 1709
17104 1710
17107 1711
17108 1712
18080 1713
19676 1714
19680 1715
21032 1716
21033 1717
21349 1718
21351 1719
21537 1720
21540 1721
21875 1722
22055 1723
22654 1724
22655 1725
22658 1726
22660 1727
23542 1728
23543 1729
23544 1730
23760 1731
24212 1732
24228 1733
24231 1734
24232 1735
24563 1736
24567 1737
13954 1738
14027 1739
1896 1740
3461 1741
14031 1742
14037 1743
14039 1744
14046 1745
14053 1746
14054 1747
14093 1748
14094 1749
14123 1750
16814 1751
14130 1752
10735 1753
20458 1754
14162 1755
22217 1756
14173 1757
16791 1758
14185 1759
14188 1760
14189 1761
14193 1762
14197 1763
14198 1764
14236 1765
14237 1766
14239 1767
16800 1768
14247 1769
14248 1770
14260 1771
24551 1772
14261 1773
20151 1774
20155 1775
14262 1776
21842 1777
14268 1778
14267 1779
14298 1780
14315 1781
4096 1782
18979 1783
14328 1784
14329 1785
23869 1786
14380 1787
14452 1788
5030 1789
14453 1790
490 1791
3924 1792
5616 1793
11260 1794
14705 1795
19495 1796
21819 1797
22785 1798
14458 1799
1942 1800
21345 1801
23321 1802
14477 1803
14478 1804
14480 1805
14481 1806
14482 1807
14483 1808
14484 1809
14485 1810
14486 1811
21053 1812
14487 1813
14517 1814
14524 1815
14525 1816
14539 1817
14542 1818
10027 1819
14582 1820
17627 1821
14651 1822
16494 1823
12614 1824
14664 1825
14670 1826
14671 1827
14672 1828
14673 1829
14674 1830
14686 1831
22189 1832
14691 1833
14696 1834
14698 1835
14700 1836
14701 1837
14702 1838
14714 1839
14811 1840
14863 1841
14878 1842
14909 1843
14928 1844
15893 1845
14941 1846
14961 1847
14962 1848
20749 1849
14985 1850
15005 1851
15023 1852
731 1853
15052 1854
15053 1855
15235 1856
15267 1857
15269 1858
15276 1859
15288 1860
20259 1861
15290 1862
15326 1863
15327 1864
15891 1865
15328 1866
15329 1867
15330 1868
15372 1869
15368 1870
24126 1871
18650 1872
15411 1873
15444 1874
12457 1875
15502 1876
15504 1877
15505 1878
15518 1879
15521 1880
24761 1881
15550 1882
15551 1883
21352 1884
15553 1885
15556 1886
15579 1887
15620 1888
6712 1889
15655 1890
15689 1891
15692 1892
2653 1893
15742 1894
562 1895
15919 1896
1070 1897
15776 1898
15792 1899
23631 1900
15796 1901
15795 1902
18607 1903
15830 1904
24381 1905
15844 1906
15854 1907
15855 1908
15857 1909
15859 1910
20794 1911
21925 1912
15860 1913
1353 1914
20637 1915
20638 1916
9538 1917
20361 1918
11379 1919
11380 1920
15892 1921
18164 1922
15895 1923
15896 1924
15897 1925
9775 1926
15898 1927
15905 1928
15906 1929
15918 1930
15962 1931
15974 1932
19059 1933
16013 1934
23356 1935
16085 1936
16087 1937
16100 1938
16123 1939
8344 1940
15527 1941
15528 1942
15530 1943
18583 1944
20986 1945
1043 1946
3283 1947
6325 1948
9186 1949
12535 1950
13726 1951
15863 1952
16002 1953
17982 1954
18147 1955
19597 1956
19763 1957
19766 1958
21050 1959
22298 1960
16175 1961
16176 1962
16186 1963
16188 1964
18251 1965
16281 1966
21474 1967
16283 1968
16284 1969
16415 1970
16416 1971
16417 1972
16418 1973
16419 1974
16425 1975
16484 1976
23878 1977
16490 1978
16492 1979
9811 1980
20602 1981
16493 1982
21103 1983
16553 1984
16569 1985
16570 1986
16571 1987
22244 1988
22245 1989
24234 1990
16572 1991
16576 1992
16578 1993
8735 1994
10251 1995
15314 1996
23955 1997
16586 1998
16587 1999
16621 2000
9153 2001
15616 2002
23087 2003
23075 2004
23131 2005
16679 2006
16722 2007
16727 2008
16772 2009
16776 2010
16794 2011
16796 2012
16797 2013
16987 2014
16988 2015
24377 2016
858 2017
16912 2018
16941 2019
16960 2020
16965 2021
19088 2022
16990 2023
17001 2024
17026 2025
18351 2026
21769 2027
17034 2028
17035 2029
17037 2030
17038 2031
17039 2032
17040 2033
17042 2034
17046 2035
6004 2036
17054 2037
17059 2038
17065 2039
17106 2040
17122 2041
17147 2042
17148 2043
17153 2044
17154 2045
17162 2046
17167 2047
17165 2048
17163 2049
17237 2050
15636 2051
17250 2052
19183 2053
17323 2054
15408 2055
17327 2056
17349 2057
21469 2058
24807 2059
17409 2060
17414 2061
17436 2062
17478 2063
17493 2064
17530 2065
17556 2066
17557 2067
17559 2068
17560 2069
17575 2070
17577 2071
1975 2072
16296 2073
17578 2074
17580 2075
7017 2076
14832 2077
14833 2078
17539 2079
17543 2080
17598 2081
17600 2082
17603 2083
17604 2084
17623 2085
17675 2086
17676 2087
17700 2088
17701 2089
17782 2090
17825 2091
17822 2092
17847 2093
17857 2094
17861 2095
19533 2096
3263 2097
17918 2098
17954 2099
18017 2100
1750 2101
1753 2102
4616 2103
4617 2104
4618 2105
18049 2106
18050 2107
18052 2108
22533 2109
18105 2110
18106 2111
18143 2112
8190 2113
20902 2114
18150 2115
18165 2116
8633 2117
18191 2118
18194 2119
18228 2120
18250 2121
18252 2122
18284 2123
18285 2124
18286 2125
18309 2126
18325 2127
18328 2128
18410 2129
18449 2130
19005 2131
18483 2132
18519 2133
18521 2134
18528 2135
18539 2136
18550 2137
18563 2138
18629 2139
3545 2140
3546 2141
12976 2142
15824 2143
18633 2144
2727 2145
811 2146
1928 2147
1929 2148
4500 2149
4501 2150
5959 2151
16505 2152
4638 2153
18729 2154
18765 2155
18766 2156
18767 2157
18805 2158
18806 2159
18815 2160
18819 2161
11226 2162
11227 2163
18821 2164
18824 2165
11224 2166
18848 2167
9583 2168
18852 2169
18858 2170
4828 2171
18859 2172
18899 2173
18917 2174
18920 2175
18926 2176
18976 2177
19008 2178
18428 2179
19009 2180
19058 2181
23565 2182
19139 2183
19213 2184
19227 2185
19386 2186
19228 2187
19244 2188
19304 2189
19308 2190
19310 2191
19311 2192
19312 2193
19313 2194
19317 2195
19318 2196
21924 2197
19337 2198
19339 2199
19360 2200
19379 2201
19438 2202
19439 2203
19488 2204
19490 2205
19491 2206
3890 2207
19493 2208
19505 2209
207 2210
998 2211
999 2212
1911 2213
8029 2214
12121 2215
14010 2216
22014 2217
22015 2218
2797 2219
19563 2220
19564 2221
19675 2222
19770 2223
19789 2224
21157 2225
19824 2226
19842 2227
19847 2228
19849 2229
19850 2230
19851 2231
19852 2232
19853 2233
19856 2234
21257 2235
1625 2236
13402 2237
2218 2238
12881 2239
16153 2240
19877 2241
19916 2242
22695 2243
19305 2244
19932 2245
8358 2246
9884 2247
9885 2248
9887 2249
9896 2250
11427 2251
19944 2252
21473 2253
23703 2254
23707 2255
23711 2256
19945 2257
19946 2258
19948 2259
19957 2260
19979 2261
19981 2262
20041 2263
20042 2264
18822 2265
20043 2266
20048 2267
20060 2268
20061 2269
20062 2270
20063 2271
20064 2272
20065 2273
1509 2274
2486 2275
20124 2276
20138 2277
20171 2278
18695 2279
20193 2280
20254 2281
20260 2282
15966 2283
20267 2284
20332 2285
20333 2286
20357 2287
20360 2288
20372 2289
20401 2290
20402 2291
20403 2292
715 2293
20428 2294
20500 2295
20510 2296
4762 2297
20542 2298
2309 2299
20581 2300
20592 2301
20593 2302
20594 2303
20595 2304
20635 2305
20734 2306
20735 2307
20737 2308
20738 2309
10373 2310
20757 2311
20796 2312
20797 2313
20837 2314
5683 2315
20892 2316
20901 2317
20954 2318
20964 2319
20970 2320
20971 2321
20972 2322
21006 2323
10331 2324
23971 2325
21008 2326
986 2327
5016 2328
10342 2329
19779 2330
21060 2331
21068 2332
3503 2333
23041 2334
20276 2335
21109 2336
21122 2337
16782 2338
21160 2339
21239 2340
24920 2341
24921 2342
21232 2343
21234 2344
21236 2345
21237 2346
21259 2347
21260 2348
21262 2349
21261 2350
21267 2351
21277 2352
21296 2353
21318 2354
18876 2355
21365 2356
21369 2357
21431 2358
952 2359
21433 2360
21434 2361
21450 2362
21532 2363
21552 2364
21572 2365
21573 2366
21575 2367
21590 2368
24781 2369
21640 2370
21680 2371
16602 2372
21705 2373
13752 2374
21706 2375
21714 2376
21767 2377
21768 2378
21776 2379
21786 2380
12033 2381
23897 2382
21805 2383
21795 2384
24769 2385
21818 2386
3920 2387
6709 2388
16167 2389
21851 2390
21867 2391
21888 2392
19487 2393
21895 2394
21898 2395
21948 2396
21952 2397
21969 2398
4974 2399
22010 2400
22017 2401
22048 2402
22057 2403
22182 2404
4267 2405
22188 2406
22210 2407
22212 2408
22215 2409
15305 2410
22246 2411
22268 2412
1754 2413
3687 2414
4613 2415
10634 2416
11770 2417
22297 2418
22375 2419
22376 2420
17583 2421
22382 2422
22389 2423
22390 2424
22427 2425
22426 2426
22436 2427
22437 2428
22441 2429
22444 2430
22459 2431
22513 2432
16790 2433
22529 2434
2284 2435
22867 2436
24883 2437
22544 2438
1050 2439
1119 2440
1390 2441
23957 2442
22545 2443
22662 2444
22664 2445
22674 2446
22678 2447
7930 2448
18426 2449
22745 2450
15250 2451
19239 2452
22778 2453
10519 2454
22786 2455
22824 2456
22832 2457
22839 2458
22846 2459
22891 2460
22912 2461
22914 2462
9732 2463
5285 2464
6011 2465
11470 2466
15450 2467
22958 2468
4101 2469
22979 2470
23035 2471
13811 2472
20283 2473
24178 2474
23050 2475
22911 2476
13326 2477
23094 2478
23097 2479
12089 2480
13670 2481
18002 2482
21455 2483
6637 2484
11316 2485
14464 2486
24917 2487
23177 2488
23222 2489
23226 2490
23227 2491
23261 2492
23284 2493
23285 2494
23320 2495
23361 2496
23364 2497
22416 2498
22557 2499
23431 2500
3422 2501
3595 2502
3638 2503
8174 2504
8175 2505
8176 2506
17008 2507
23432 2508
23439 2509
23445 2510
23541 2511
23545 2512
23551 2513
23554 2514
23556 2515
23560 2516
10031 2517
1678 2518
23569 2519
23582 2520
9886 2521
23638 2522
23660 2523
23664 2524
23671 2525
23672 2526
23710 2527
23788 2528
23789 2529
23790 2530
23867 2531
5380 2532
5684 2533
23870 2534
23901 2535
21248 2536
23935 2537
23949 2538
23952 2539
11790 2540
23986 2541
23988 2542
23989 2543
23992 2544
23994 2545
24045 2546
24051 2547
24070 2548
24085 2549
16016 2550
24094 2551
24101 2552
24115 2553
24117 2554
24118 2555
24119 2556
24120 2557
24151 2558
24165 2559
24179 2560
24202 2561
15210 2562
24236 2563
24244 2564
24271 2565
24289 2566
24290 2567
24292 2568
24322 2569
24323 2570
24324 2571
24348 2572
24350 2573
24361 2574
24378 2575
1438 2576
7929 2577
16562 2578
16563 2579
7394 2580
16561 2581
24385 2582
24426 2583
24430 2584
24439 2585
24483 2586
24501 2587
9946 2588
24535 2589
24633 2590
24730 2591
24771 2592
24783 2593
24784 2594
24785 2595
24799 2596
24851 2597
2838 2598
1026 2599
24862 2600
24866 2601
3284 2602
8626 2603
24901 2604
24912 2605
24915 2606
24918 2607
24923 2608
24924 2609
23139 2610
24927 2611
24968 2612
10030 2613
11505 2614
24983 2615
14574 2616
24989 2617
