14 0
16 1
17 2
18 3
19 4
22 5
1163 6
1165 7
1871 8
2053 9
2716 10
2718 11
3453 12
3455 13
5731 14
5931 15
7293 16
7555 17
9139 18
11858 19
13105 20
13417 21
13936 22
15614 23
15615 24
18770 25
18771 26
18775 27
19573 28
22910 29
15 30
2340 31
5017 32
5929 33
9049 34
10029 35
11933 36
17726 37
18487 38
18774 39
20572 40
23150 41
409 42
1167 43
3121 44
9150 45
11416 46
15917 47
16683 48
18036 49
18772 50
18773 51
19333 52
20709 53
24212 54
1166 55
2717 56
3431 57
3800 58
9149 59
9152 60
11230 61
11521 62
11744 63
15759 64
18589 65
18611 66
19060 67
20482 68
2284 69
2992 70
3456 71
4075 72
10458 73
11660 74
12266 75
14398 76
19741 77
41 78
1164 79
2506 80
2830 81
8494 82
8783 83
8985 84
10190 85
10996 86
11179 87
20400 88
20449 89
20481 90
20 91
21002 92
21082 93
21 94
7435 95
13946 96
16679 97
20191 98
20421 99
21671 100
22592 101
23692 102
7554 103
23 104
14885 105
17855 106
38 107
42 108
43 109
14333 110
20604 111
39 112
3236 113
40 114
1679 115
2569 116
3283 117
6673 118
6915 119
11711 120
11738 121
11743 122
14650 123
22918 124
23113 125
23389 126
23557 127
2825 128
10825 129
10828 130
10950 131
2573 132
16164 133
16688 134
17513 135
17582 136
2847 137
46 138
3282 139
61 140
10860 141
18726 142
71 143
8838 144
73 145
168 146
74 147
77 148
17521 149
22154 150
22155 151
78 152
101 153
2203 154
2204 155
3375 156
4492 157
7762 158
7955 159
10738 160
10739 161
12206 162
15884 163
15885 164
21864 165
107 166
3901 167
4505 168
4637 169
6633 170
7993 171
8164 172
10348 173
13208 174
15024 175
16488 176
16601 177
21298 178
23695 179
108 180
2743 181
2795 182
3344 183
3477 184
3907 185
4265 186
4448 187
4636 188
8632 189
8633 190
8634 191
9087 192
9454 193
10155 194
10637 195
10939 196
13962 197
13987 198
14745 199
16598 200
16786 201
19207 202
19629 203
19789 204
21498 205
22094 206
111 207
6670 208
17603 209
19925 210
112 211
2826 212
9537 213
11145 214
117 215
2113 216
2443 217
3851 218
4099 219
5732 220
8341 221
9033 222
9854 223
9946 224
10624 225
11895 226
11898 227
11899 228
11914 229
11917 230
11921 231
13150 232
13161 233
13587 234
13588 235
13829 236
13830 237
15454 238
15627 239
21115 240
23545 241
23553 242
134 243
5909 244
135 245
1977 246
15976 247
139 248
3720 249
10591 250
140 251
21923 252
23639 253
142 254
18702 255
19013 256
143 257
8178 258
9037 259
24319 260
144 261
686 262
5030 263
15726 264
163 265
954 266
955 267
1042 268
3669 269
5157 270
9641 271
10368 272
12615 273
13557 274
15075 275
15767 276
16723 277
18752 278
19213 279
21007 280
21424 281
21894 282
22993 283
23636 284
171 285
9772 286
15332 287
173 288
7277 289
180 290
13166 291
182 292
2250 293
3668 294
4012 295
12038 296
16497 297
16890 298
22556 299
24769 300
183 301
13145 302
16517 303
184 304
1842 305
2065 306
3902 307
4032 308
5009 309
5593 310
7292 311
7309 312
7892 313
8218 314
8534 315
9089 316
11165 317
11215 318
11837 319
12727 320
13033 321
13037 322
13300 323
14030 324
14297 325
14701 326
16689 327
17602 328
18582 329
20402 330
20403 331
20721 332
20952 333
20999 334
21000 335
21006 336
21973 337
22297 338
22880 339
23378 340
23440 341
23948 342
197 343
825 344
6462 345
7611 346
9710 347
9720 348
9902 349
10138 350
10618 351
11384 352
13426 353
13590 354
13867 355
13868 356
15600 357
16599 358
16600 359
20055 360
21917 361
22948 362
22949 363
23048 364
23050 365
23949 366
24125 367
24162 368
24470 369
198 370
975 371
1110 372
3043 373
8513 374
9243 375
9395 376
9481 377
9482 378
11167 379
14594 380
18317 381
23155 382
203 383
20983 384
20984 385
210 386
13798 387
212 388
465 389
466 390
214 391
216 392
13214 393
220 394
23966 395
221 396
5192 397
21440 398
232 399
15539 400
19872 401
254 402
4045 403
22517 404
267 405
268 406
269 407
15398 408
1794 409
3075 410
3087 411
15751 412
272 413
8694 414
11281 415
20967 416
274 417
8396 418
16161 419
22524 420
23513 421
275 422
8395 423
13769 424
23512 425
276 426
17846 427
288 428
6050 429
11228 430
14495 431
289 432
10252 433
11620 434
328 435
333 436
5183 437
337 438
8029 439
342 440
3202 441
347 442
5637 443
7052 444
15735 445
21059 446
351 447
2574 448
12880 449
12885 450
22866 451
23857 452
23858 453
24882 454
358 455
20448 456
22435 457
361 458
366 459
372 460
1107 461
1116 462
1582 463
3441 464
4992 465
6722 466
7278 467
8344 468
8930 469
9650 470
9653 471
9655 472
10285 473
13531 474
14497 475
20054 476
21552 477
367 478
370 479
371 480
374 481
1115 482
1581 483
1585 484
4991 485
9649 486
9657 487
13427 488
13669 489
15133 490
18585 491
19348 492
20598 493
20600 494
23872 495
24933 496
368 497
4100 498
6404 499
9652 500
9654 501
369 502
4993 503
3320 504
1583 505
1584 506
8343 507
11124 508
20910 509
14751 510
14763 511
23266 512
373 513
5783 514
11214 515
8227 516
9713 517
13354 518
13355 519
17470 520
22242 521
377 522
2844 523
12049 524
14036 525
388 526
6003 527
390 528
921 529
1306 530
5454 531
6466 532
6545 533
7801 534
7994 535
9306 536
10625 537
12064 538
12065 539
19440 540
20253 541
22201 542
24937 543
391 544
17903 545
392 546
11877 547
397 548
7224 549
410 550
2908 551
5285 552
8519 553
17183 554
22315 555
423 556
14878 557
424 558
4368 559
426 560
12736 561
428 562
2726 563
9931 564
15698 565
18292 566
18293 567
19439 568
20351 569
20451 570
432 571
472 572
475 573
1093 574
1139 575
1140 576
1141 577
1143 578
1370 579
1371 580
1937 581
1941 582
1999 583
2002 584
2380 585
2468 586
2927 587
3274 588
3290 589
3291 590
3316 591
3376 592
3618 593
3620 594
3621 595
3746 596
3761 597
3840 598
3845 599
4015 600
4016 601
4018 602
4020 603
4258 604
5066 605
5068 606
5069 607
5072 608
5075 609
5225 610
5226 611
5228 612
5229 613
5419 614
5422 615
5426 616
5740 617
6279 618
6282 619
6407 620
6631 621
6636 622
6637 623
6639 624
6971 625
7665 626
7849 627
7850 628
7851 629
7853 630
7854 631
7855 632
8510 633
8851 634
9067 635
9068 636
9070 637
9071 638
9170 639
9723 640
9748 641
9753 642
10313 643
10442 644
10628 645
10643 646
11311 647
11315 648
11697 649
11698 650
11699 651
11700 652
11701 653
11702 654
11703 655
11705 656
11797 657
11935 658
11937 659
11938 660
11939 661
12058 662
12059 663
12061 664
12229 665
12257 666
12258 667
12259 668
12261 669
12682 670
13163 671
13499 672
13505 673
13534 674
13536 675
13538 676
13912 677
13915 678
13949 679
14039 680
14075 681
14312 682
14458 683
14460 684
14466 685
14670 686
14671 687
14672 688
14673 689
15027 690
15028 691
15029 692
15030 693
15031 694
15039 695
15041 696
15042 697
15043 698
15045 699
15549 700
15555 701
15642 702
15643 703
15645 704
15882 705
16185 706
16187 707
16905 708
16906 709
17100 710
17101 711
17102 712
17103 713
17106 714
17734 715
17739 716
18074 717
18077 718
18079 719
18324 720
18437 721
18438 722
18439 723
18440 724
18441 725
18654 726
18655 727
18658 728
18804 729
18974 730
18977 731
18988 732
18995 733
19518 734
19674 735
19675 736
19676 737
19677 738
20891 739
21029 740
21030 741
21031 742
21032 743
21036 744
21037 745
21231 746
21233 747
21235 748
21238 749
21344 750
21346 751
21351 752
21534 753
21535 754
21537 755
21538 756
21698 757
21863 758
22054 759
22346 760
22347 761
22654 762
22657 763
22659 764
23316 765
23318 766
23541 767
23543 768
23758 769
23854 770
24211 771
24226 772
24227 773
24228 774
24231 775
24565 776
24568 777
24799 778
24918 779
24920 780
433 781
1354 782
2377 783
2383 784
3271 785
3294 786
3315 787
5073 788
5425 789
6280 790
6459 791
7663 792
9727 793
9750 794
9751 795
14006 796
14311 797
14465 798
15552 799
16907 800
17107 801
19678 802
20023 803
20538 804
21230 805
21348 806
21350 807
21536 808
21539 809
21874 810
22653 811
22694 812
23540 813
23725 814
23759 815
434 816
474 817
2001 818
3296 819
3841 820
5067 821
5224 822
6457 823
7658 824
7664 825
10629 826
11314 827
12256 828
14494 829
14669 830
18443 831
18980 832
19679 833
21865 834
23320 835
438 836
3889 837
5333 838
5336 839
6663 840
15626 841
21161 842
21788 843
23896 844
455 845
6458 846
13164 847
24225 848
6640 849
12260 850
479 851
2289 852
7989 853
16486 854
19142 855
21432 856
21870 857
21897 858
480 859
2850 860
2851 861
16000 862
21430 863
481 864
482 865
487 866
10341 867
15496 868
19598 869
19778 870
21050 871
501 872
503 873
425 874
24050 875
504 876
507 877
510 878
24906 879
515 880
1109 881
3777 882
5407 883
6004 884
6333 885
11293 886
12875 887
15975 888
16774 889
19058 890
20093 891
20094 892
20168 893
20796 894
21924 895
21925 896
22952 897
24810 898
532 899
1125 900
6500 901
9167 902
11326 903
13032 904
15290 905
17773 906
19336 907
533 908
534 909
546 910
13801 911
15845 912
21374 913
556 914
1916 915
6809 916
11483 917
19212 918
557 919
11848 920
561 921
3803 922
7820 923
7821 924
19742 925
562 926
9246 927
576 928
13323 929
583 930
593 931
14292 932
19926 933
594 934
8730 935
595 936
596 937
3813 938
614 939
632 940
23026 941
635 942
2419 943
5867 944
636 945
637 946
638 947
639 948
640 949
18154 950
646 951
12871 952
662 953
10034 954
664 955
668 956
23740 957
669 958
15214 959
674 960
675 961
1047 962
1295 963
2989 964
3594 965
3637 966
7565 967
8172 968
9642 969
10351 970
13308 971
13482 972
16609 973
17755 974
23956 975
23960 976
676 977
1761 978
3802 979
4765 980
5976 981
7564 982
7567 983
7568 984
8170 985
8174 986
8929 987
11078 988
11080 989
11763 990
12513 991
13485 992
14890 993
17007 994
20412 995
23529 996
681 997
7014 998
7750 999
12485 1000
19596 1001
22425 1002
23049 1003
687 1004
12600 1005
690 1006
7395 1007
8770 1008
20430 1009
22960 1010
691 1011
1621 1012
2794 1013
3973 1014
5649 1015
19165 1016
703 1017
704 1018
18448 1019
712 1020
714 1021
2336 1022
715 1023
716 1024
18416 1025
20744 1026
725 1027
2351 1028
3827 1029
727 1030
732 1031
739 1032
19727 1033
740 1034
17579 1035
749 1036
750 1037
4688 1038
751 1039
17727 1040
24210 1041
761 1042
2469 1043
2557 1044
2805 1045
4828 1046
11893 1047
11896 1048
14623 1049
17528 1050
18164 1051
19231 1052
20985 1053
21785 1054
766 1055
14961 1056
23428 1057
768 1058
14093 1059
774 1060
1351 1061
3382 1062
8193 1063
16894 1064
775 1065
1352 1066
7454 1067
11799 1068
776 1069
1347 1070
777 1071
14391 1072
778 1073
779 1074
782 1075
9179 1076
10982 1077
807 1078
24075 1079
812 1080
24988 1081
813 1082
818 1083
827 1084
828 1085
2796 1086
829 1087
17222 1088
22705 1089
830 1090
17803 1091
19151 1092
838 1093
13401 1094
13998 1095
21005 1096
843 1097
9252 1098
844 1099
8175 1100
847 1101
20986 1102
850 1103
857 1104
13375 1105
16775 1106
860 1107
8889 1108
13944 1109
861 1110
2827 1111
2829 1112
2832 1113
3432 1114
6495 1115
15748 1116
17700 1117
19932 1118
862 1119
2937 1120
22532 1121
23084 1122
863 1123
11187 1124
864 1125
2828 1126
23086 1127
23087 1128
865 1129
879 1130
892 1131
4839 1132
5239 1133
6306 1134
8198 1135
9429 1136
9868 1137
10938 1138
11902 1139
13586 1140
13832 1141
15116 1142
20472 1143
21126 1144
21368 1145
22188 1146
893 1147
1876 1148
901 1149
911 1150
1797 1151
7393 1152
16561 1153
16989 1154
24321 1155
912 1156
913 1157
915 1158
916 1159
920 1160
23397 1161
923 1162
2325 1163
7040 1164
20285 1165
924 1166
16391 1167
936 1168
5020 1169
7312 1170
16690 1171
18408 1172
940 1173
8615 1174
11661 1175
941 1176
5159 1177
11413 1178
943 1179
6980 1180
8799 1181
8800 1182
17530 1183
24860 1184
944 1185
1040 1186
1611 1187
1973 1188
2308 1189
2309 1190
2841 1191
3235 1192
6002 1193
6332 1194
8154 1195
9467 1196
9705 1197
10359 1198
11371 1199
15545 1200
15547 1201
15613 1202
16492 1203
18192 1204
18350 1205
19765 1206
20166 1207
20167 1208
20170 1209
20172 1210
20173 1211
20518 1212
20988 1213
22393 1214
23041 1215
23842 1216
23917 1217
945 1218
19706 1219
23354 1220
946 1221
6484 1222
948 1223
953 1224
949 1225
951 1226
956 1227
963 1228
2078 1229
964 1230
23653 1231
965 1232
10593 1233
11725 1234
21454 1235
24530 1236
966 1237
967 1238
1974 1239
3844 1240
12889 1241
22139 1242
968 1243
1525 1244
969 1245
11385 1246
970 1247
477 1248
2100 1249
4912 1250
10140 1251
10142 1252
10143 1253
971 1254
972 1255
1751 1256
1752 1257
1753 1258
1856 1259
3386 1260
3387 1261
3685 1262
3686 1263
3689 1264
4610 1265
4612 1266
4613 1267
4616 1268
4618 1269
6064 1270
9543 1271
9544 1272
9975 1273
12133 1274
12134 1275
14476 1276
14489 1277
14516 1278
18042 1279
18046 1280
18047 1281
18048 1282
18049 1283
19847 1284
19848 1285
19849 1286
19850 1287
19851 1288
19855 1289
19856 1290
22009 1291
22295 1292
22296 1293
1749 1294
4611 1295
4615 1296
10633 1297
11297 1298
18051 1299
2996 1300
9410 1301
11216 1302
20578 1303
20638 1304
986 1305
987 1306
989 1307
6214 1308
6215 1309
1000 1310
1553 1311
6671 1312
1002 1313
1003 1314
1004 1315
1010 1316
1011 1317
15160 1318
15161 1319
1018 1320
10268 1321
24762 1322
1021 1323
1023 1324
1031 1325
22953 1326
1035 1327
12705 1328
17627 1329
20484 1330
23844 1331
24732 1332
1041 1333
6936 1334
9357 1335
14066 1336
5081 1337
8095 1338
14496 1339
24611 1340
1048 1341
5270 1342
13785 1343
1049 1344
1053 1345
6263 1346
1054 1347
1055 1348
1052 1349
2154 1350
1057 1351
24878 1352
3539 1353
6638 1354
12201 1355
1101 1356
14319 1357
11166 1358
16169 1359
1108 1360
6007 1361
19762 1362
20872 1363
23438 1364
4719 1365
6147 1366
1113 1367
13096 1368
1118 1369
11123 1370
21149 1371
1119 1372
1120 1373
4084 1374
1121 1375
24084 1376
1122 1377
1123 1378
1639 1379
2498 1380
5875 1381
11573 1382
12486 1383
13195 1384
15021 1385
16685 1386
20229 1387
21003 1388
21468 1389
1126 1390
10156 1391
10347 1392
13484 1393
15156 1394
15965 1395
22469 1396
1127 1397
8424 1398
11330 1399
16595 1400
19055 1401
1128 1402
1142 1403
8241 1404
16236 1405
21349 1406
24230 1407
24229 1408
22696 1409
1145 1410
16155 1411
1150 1412
1998 1413
13204 1414
20565 1415
1152 1416
1161 1417
4469 1418
12818 1419
16168 1420
18045 1421
20396 1422
1180 1423
1195 1424
4838 1425
1196 1426
1207 1427
14152 1428
20145 1429
23396 1430
24383 1431
1197 1432
1205 1433
4083 1434
16972 1435
1200 1436
20367 1437
1218 1438
1222 1439
1274 1440
17027 1441
1276 1442
1282 1443
512 1444
4699 1445
4705 1446
5254 1447
1287 1448
16870 1449
1290 1450
10260 1451
1297 1452
1926 1453
1927 1454
20750 1455
20752 1456
1305 1457
8839 1458
13168 1459
19769 1460
20288 1461
9202 1462
10063 1463
10064 1464
17989 1465
1307 1466
10855 1467
16971 1468
16978 1469
20148 1470
1308 1471
16887 1472
1312 1473
15859 1474
22738 1475
1326 1476
20602 1477
1327 1478
1344 1479
12730 1480
14334 1481
16158 1482
2945 1483
9525 1484
10710 1485
14245 1486
18002 1487
20823 1488
21112 1489
21113 1490
21758 1491
1389 1492
2944 1493
5441 1494
5679 1495
5748 1496
11258 1497
13544 1498
15263 1499
15451 1500
17758 1501
22703 1502
22767 1503
747 1504
2943 1505
13545 1506
14746 1507
14847 1508
15249 1509
16491 1510
19238 1511
21109 1512
21775 1513
11313 1514
1355 1515
11704 1516
1358 1517
2275 1518
1363 1519
6727 1520
1364 1521
1366 1522
6169 1523
6726 1524
7679 1525
7995 1526
8077 1527
10202 1528
15992 1529
1367 1530
10400 1531
16424 1532
19683 1533
1368 1534
15991 1535
1378 1536
80 1537
1677 1538
2885 1539
6299 1540
6496 1541
7060 1542
7447 1543
7948 1544
8894 1545
9852 1546
9855 1547
10372 1548
14981 1549
17418 1550
18106 1551
18287 1552
18414 1553
19489 1554
21339 1555
22043 1556
23114 1557
23989 1558
23992 1559
1379 1560
5264 1561
10374 1562
10510 1563
13159 1564
23993 1565
24580 1566
1380 1567
1869 1568
6295 1569
6296 1570
6692 1571
7945 1572
9186 1573
10373 1574
10508 1575
13826 1576
14530 1577
19487 1578
20748 1579
20749 1580
21504 1581
23018 1582
23847 1583
23991 1584
24099 1585
1381 1586
490 1587
1397 1588
3139 1589
4122 1590
4228 1591
4229 1592
4230 1593
4231 1594
5439 1595
5591 1596
6709 1597
6714 1598
8786 1599
8787 1600
8790 1601
9797 1602
9798 1603
11259 1604
17403 1605
17891 1606
21819 1607
21824 1608
23145 1609
23146 1610
23694 1611
23696 1612
1383 1613
6672 1614
7570 1615
12628 1616
24987 1617
7667 1618
1396 1619
998 1620
24113 1621
7134 1622
8788 1623
9796 1624
24712 1625
1413 1626
1412 1627
1417 1628
1419 1629
12512 1630
1420 1631
5888 1632
1439 1633
1450 1634
24798 1635
1464 1636
4344 1637
1485 1638
21043 1639
1508 1640
1509 1641
2485 1642
8277 1643
8280 1644
13748 1645
13749 1646
13750 1647
13751 1648
24635 1649
1510 1650
2486 1651
8278 1652
15302 1653
15304 1654
15305 1655
14268 1656
15301 1657
18040 1658
1522 1659
1521 1660
1535 1661
24333 1662
1544 1663
18943 1664
21400 1665
21524 1666
10382 1667
11037 1668
14247 1669
1554 1670
13725 1671
1555 1672
20047 1673
1567 1674
4902 1675
5665 1676
1588 1677
1592 1678
9651 1679
10139 1680
16117 1681
16120 1682
1589 1683
1590 1684
16122 1685
1591 1686
5961 1687
16118 1688
16119 1689
1594 1690
1848 1691
1596 1692
3556 1693
1598 1694
3072 1695
3073 1696
1599 1697
7990 1698
7991 1699
11569 1700
11571 1701
12372 1702
12374 1703
12375 1704
1600 1705
12380 1706
3962 1707
17692 1708
1616 1709
11387 1710
18544 1711
24857 1712
1622 1713
2152 1714
1640 1715
3977 1716
11374 1717
18105 1718
21902 1719
1641 1720
1643 1721
14554 1722
24825 1723
1644 1724
1660 1725
14118 1726
1664 1727
18161 1728
1665 1729
4362 1730
1666 1731
1669 1732
16655 1733
6006 1734
6008 1735
7676 1736
13921 1737
9619 1738
24255 1739
1680 1740
1684 1741
1693 1742
1694 1743
21790 1744
1697 1745
2662 1746
15313 1747
1698 1748
1699 1749
15635 1750
18707 1751
14493 1752
1719 1753
7098 1754
20795 1755
1723 1756
1728 1757
1740 1758
1743 1759
11404 1760
12215 1761
17401 1762
20488 1763
1744 1764
7336 1765
1745 1766
11992 1767
12216 1768
15596 1769
1746 1770
1930 1771
4497 1772
7785 1773
10360 1774
12602 1775
20743 1776
23073 1777
23074 1778
23076 1779
23850 1780
23853 1781
1747 1782
1750 1783
4609 1784
1757 1785
1771 1786
5673 1787
20080 1788
22216 1789
1774 1790
23433 1791
1777 1792
1779 1793
24158 1794
1780 1795
1781 1796
7925 1797
1783 1798
4623 1799
1786 1800
20218 1801
20568 1802
23405 1803
1795 1804
4499 1805
12378 1806
16562 1807
24377 1808
1799 1809
20590 1810
1819 1811
1822 1812
1823 1813
1894 1814
1896 1815
1898 1816
2807 1817
11196 1818
15745 1819
23970 1820
1824 1821
1825 1822
14452 1823
14541 1824
18405 1825
19494 1826
1831 1827
19316 1828
24294 1829
1843 1830
8111 1831
11980 1832
12599 1833
1853 1834
2262 1835
2263 1836
6063 1837
8441 1838
1857 1839
18050 1840
1859 1841
1610 1842
1862 1843
1864 1844
1866 1845
22840 1846
1872 1847
16993 1848
16998 1849
17000 1850
1873 1851
1887 1852
7957 1853
24406 1854
1890 1855
1899 1856
8627 1857
9119 1858
9121 1859
9305 1860
11776 1861
11788 1862
17646 1863
17647 1864
20314 1865
24770 1866
6547 1867
9302 1868
10009 1869
11794 1870
22244 1871
22245 1872
1897 1873
1900 1874
15216 1875
1901 1876
1905 1877
5440 1878
7313 1879
8629 1880
9504 1881
9621 1882
11283 1883
11286 1884
11287 1885
11290 1886
11291 1887
14699 1888
16493 1889
17344 1890
19337 1891
21667 1892
21821 1893
1906 1894
3210 1895
3808 1896
4644 1897
5194 1898
5195 1899
5196 1900
6502 1901
6594 1902
6739 1903
8296 1904
9605 1905
10774 1906
11292 1907
12508 1908
12732 1909
12932 1910
13039 1911
14586 1912
15517 1913
16099 1914
18577 1915
20635 1916
20909 1917
22904 1918
1915 1919
7888 1920
1917 1921
1922 1922
4494 1923
4496 1924
4498 1925
4500 1926
17880 1927
22394 1928
10901 1929
21398 1930
1928 1931
1929 1932
1932 1933
4098 1934
4367 1935
20135 1936
1933 1937
1934 1938
6691 1939
20171 1940
511 1941
5211 1942
16784 1943
19837 1944
20564 1945
1935 1946
21794 1947
1936 1948
24330 1949
1939 1950
1940 1951
1951 1952
1960 1953
4707 1954
8462 1955
8897 1956
17147 1957
1963 1958
10212 1959
1968 1960
7233 1961
7929 1962
8635 1963
13673 1964
1971 1965
2281 1966
8066 1967
11067 1968
11169 1969
19090 1970
19382 1971
21550 1972
23039 1973
1972 1974
17025 1975
15763 1976
17869 1977
23234 1978
7643 1979
10721 1980
1980 1981
7289 1982
1981 1983
17810 1984
19164 1985
1982 1986
2930 1987
7527 1988
8166 1989
1992 1990
23355 1991
1995 1992
1996 1993
23317 1994
2661 1995
10574 1996
14184 1997
19528 1998
23319 1999
15641 2000
24224 2001
2003 2002
9470 2003
2017 2004
15013 2005
2020 2006
22766 2007
2023 2008
2048 2009
4202 2010
4203 2011
4205 2012
5024 2013
5025 2014
14451 2015
14484 2016
14485 2017
19945 2018
19951 2019
21047 2020
23707 2021
23710 2022
24535 2023
2055 2024
2056 2025
11126 2026
2059 2027
10010 2028
15639 2029
2072 2030
2074 2031
2075 2032
2077 2033
2080 2034
2081 2035
15406 2036
2079 2037
2083 2038
2086 2039
2085 2040
2082 2041
2087 2042
2092 2043
2098 2044
8782 2045
19862 2046
2105 2047
2109 2048
2112 2049
2114 2050
7787 2051
13510 2052
15306 2053
23434 2054
2117 2055
22436 2056
2126 2057
2129 2058
16300 2059
2130 2060
14559 2061
2132 2062
14727 2063
2133 2064
3611 2065
6328 2066
9526 2067
2135 2068
11427 2069
2140 2070
10299 2071
17358 2072
2143 2073
4672 2074
2147 2075
5016 2076
6027 2077
6034 2078
19257 2079
2149 2080
6024 2081
2174 2082
2183 2083
2184 2084
4031 2085
10399 2086
2185 2087
6358 2088
2192 2089
11284 2090
11285 2091
2200 2092
316 2093
2202 2094
10346 2095
16319 2096
2209 2097
7566 2098
15443 2099
2239 2100
11886 2101
2241 2102
4010 2103
7439 2104
10665 2105
2604 2106
2706 2107
4141 2108
6493 2109
9776 2110
10829 2111
12041 2112
15525 2113
19983 2114
20580 2115
23157 2116
24633 2117
2260 2118
7928 2119
3523 2120
4799 2121
11368 2122
11369 2123
11566 2124
12210 2125
13901 2126
21670 2127
811 2128
7430 2129
8370 2130
11325 2131
16301 2132
2265 2133
17626 2134
15181 2135
2277 2136
2280 2137
2278 2138
2283 2139
7605 2140
7606 2141
15051 2142
15053 2143
2285 2144
2286 2145
3163 2146
4171 2147
7942 2148
9304 2149
11288 2150
11289 2151
13135 2152
13514 2153
15633 2154
15980 2155
16726 2156
17586 2157
18038 2158
18084 2159
18093 2160
18099 2161
19287 2162
19524 2163
20503 2164
20617 2165
20618 2166
21011 2167
21099 2168
2288 2169
12731 2170
16917 2171
20299 2172
20505 2173
20297 2174
22744 2175
2300 2176
1422 2177
6948 2178
8167 2179
8168 2180
8169 2181
16290 2182
21519 2183
6940 2184
12788 2185
2327 2186
7528 2187
9959 2188
9961 2189
9962 2190
2330 2191
14723 2192
2331 2193
2333 2194
3266 2195
24509 2196
2341 2197
2346 2198
3066 2199
4095 2200
4459 2201
5321 2202
8883 2203
24869 2204
11425 2205
2352 2206
1806 2207
2362 2208
16893 2209
23629 2210
23631 2211
2363 2212
23630 2213
2364 2214
2365 2215
2384 2216
16901 2217
23321 2218
2382 2219
2389 2220
2397 2221
6088 2222
11194 2223
23097 2224
2421 2225
2423 2226
24355 2227
2428 2228
9970 2229
11916 2230
2447 2231
2449 2232
2452 2233
11523 2234
11739 2235
20056 2236
2460 2237
12657 2238
3269 2239
5070 2240
7852 2241
7858 2242
14314 2243
14315 2244
14316 2245
14457 2246
14459 2247
22656 2248
24917 2249
2471 2250
17817 2251
10696 2252
10699 2253
2495 2254
16682 2255
20266 2256
21213 2257
2500 2258
2505 2259
5570 2260
15638 2261
16568 2262
2517 2263
10509 2264
2528 2265
2546 2266
488 2267
2550 2268
2653 2269
2864 2270
4286 2271
5488 2272
7677 2273
8737 2274
9266 2275
9718 2276
10109 2277
10985 2278
11575 2279
12489 2280
14651 2281
15656 2282
16636 2283
16674 2284
16793 2285
17806 2286
21700 2287
23437 2288
2548 2289
2549 2290
3670 2291
6325 2292
11280 2293
19792 2294
19793 2295
20036 2296
20901 2297
23444 2298
23446 2299
23926 2300
7720 2301
15193 2302
15457 2303
16635 2304
23121 2305
23445 2306
9675 2307
9719 2308
17917 2309
19791 2310
22217 2311
23085 2312
23176 2313
23435 2314
6005 2315
7493 2316
8649 2317
15269 2318
18670 2319
24690 2320
24691 2321
24692 2322
24694 2323
2561 2324
3682 2325
7237 2326
7592 2327
7956 2328
9263 2329
10157 2330
12402 2331
13964 2332
18248 2333
22187 2334
24017 2335
24405 2336
2570 2337
7954 2338
17629 2339
18649 2340
24407 2341
9980 2342
10273 2343
13219 2344
20666 2345
2587 2346
3302 2347
2593 2348
2594 2349
8371 2350
19244 2351
22353 2352
24899 2353
2603 2354
5124 2355
5125 2356
21866 2357
2606 2358
2607 2359
2612 2360
2613 2361
10930 2362
23775 2363
2622 2364
2624 2365
2629 2366
11941 2367
22670 2368
2634 2369
8976 2370
8980 2371
8981 2372
8982 2373
18226 2374
2635 2375
22668 2376
2647 2377
13582 2378
2648 2379
2650 2380
14573 2381
2655 2382
8074 2383
15052 2384
22228 2385
2658 2386
14004 2387
2664 2388
2670 2389
24978 2390
24990 2391
2694 2392
7079 2393
15791 2394
2695 2395
2702 2396
2703 2397
2704 2398
15528 2399
15526 2400
15529 2401
2707 2402
7238 2403
15527 2404
19650 2405
2727 2406
2728 2407
2731 2408
2732 2409
19594 2410
19663 2411
2736 2412
2740 2413
2741 2414
2742 2415
12117 2416
15865 2417
2747 2418
23900 2419
2753 2420
7377 2421
2778 2422
8028 2423
2789 2424
15003 2425
2791 2426
11885 2427
16237 2428
16238 2429
11897 2430
2803 2431
4206 2432
5026 2433
9891 2434
9895 2435
15774 2436
19946 2437
23708 2438
23709 2439
24761 2440
24763 2441
2808 2442
2817 2443
3458 2444
3537 2445
4914 2446
5013 2447
14760 2448
15014 2449
19366 2450
4162 2451
7290 2452
4718 2453
7051 2454
8797 2455
10685 2456
15157 2457
17991 2458
18446 2459
24991 2460
6334 2461
7291 2462
8798 2463
18306 2464
2837 2465
16886 2466
2090 2467
8778 2468
13927 2469
2848 2470
2849 2471
2852 2472
18556 2473
22378 2474
2862 2475
2863 2476
21108 2477
2883 2478
4706 2479
4708 2480
14620 2481
15697 2482
21474 2483
2886 2484
10350 2485
13483 2486
2887 2487
2889 2488
2890 2489
2901 2490
12337 2491
2902 2492
2903 2493
12597 2494
2907 2495
2915 2496
2918 2497
5411 2498
5412 2499
2920 2500
2921 2501
2922 2502
20601 2503
3908 2504
24132 2505
2931 2506
7523 2507
2971 2508
3903 2509
17828 2510
23177 2511
2984 2512
2986 2513
7113 2514
7114 2515
13518 2516
23449 2517
2985 2518
24858 2519
13325 2520
2987 2521
4090 2522
5974 2523
6416 2524
10507 2525
16959 2526
17482 2527
21279 2528
22739 2529
4091 2530
4345 2531
8173 2532
3234 2533
12976 2534
2997 2535
3002 2536
3001 2537
3003 2538
3005 2539
22156 2540
22158 2541
3006 2542
22157 2543
3010 2544
3011 2545
3012 2546
3013 2547
15764 2548
15765 2549
3015 2550
3016 2551
3019 2552
3040 2553
5126 2554
12032 2555
3042 2556
5188 2557
15483 2558
3050 2559
22004 2560
3051 2561
3056 2562
6225 2563
7207 2564
15501 2565
15503 2566
20401 2567
21060 2568
21705 2569
3060 2570
3062 2571
14000 2572
3071 2573
11574 2574
20821 2575
18706 2576
3794 2577
3074 2578
7670 2579
20109 2580
21389 2581
22831 2582
23582 2583
3091 2584
3117 2585
3123 2586
3118 2587
3122 2588
3134 2589
6001 2590
3147 2591
3809 2592
17155 2593
3179 2594
6440 2595
3181 2596
7314 2597
3191 2598
21104 2599
3214 2600
11372 2601
23091 2602
24989 2603
3223 2604
3227 2605
24093 2606
3228 2607
3229 2608
8731 2609
9358 2610
12251 2611
12974 2612
7575 2613
9189 2614
15524 2615
19028 2616
20939 2617
23843 2618
24731 2619
24905 2620
3033 2621
3484 2622
3522 2623
4651 2624
4661 2625
4864 2626
5547 2627
5741 2628
7186 2629
8369 2630
9085 2631
9745 2632
9746 2633
11239 2634
11720 2635
11811 2636
11924 2637
12174 2638
12857 2639
13048 2640
14702 2641
14761 2642
16165 2643
16313 2644
17577 2645
17592 2646
17661 2647
17873 2648
18335 2649
18708 2650
20834 2651
21103 2652
21241 2653
21290 2654
21451 2655
21629 2656
21937 2657
22224 2658
22824 2659
23093 2660
23818 2661
3245 2662
3246 2663
5164 2664
6412 2665
12140 2666
15341 2667
16331 2668
21862 2669
3249 2670
3461 2671
3253 2672
3272 2673
6461 2674
14463 2675
15551 2676
18805 2677
18975 2678
18978 2679
19924 2680
23542 2681
24563 2682
24567 2683
24915 2684
3257 2685
3624 2686
5232 2687
17105 2688
19437 2689
3260 2690
3262 2691
3263 2692
14461 2693
5231 2694
14462 2695
15640 2696
8848 2697
3284 2698
3289 2699
4903 2700
4905 2701
4908 2702
24979 2703
24980 2704
8512 2705
18001 2706
20822 2707
3305 2708
12488 2709
3309 2710
3313 2711
3319 2712
11892 2713
21439 2714
3345 2715
17902 2716
3352 2717
3378 2718
20670 2719
3379 2720
3380 2721
3381 2722
6987 2723
9374 2724
11487 2725
13947 2726
15605 2727
24155 2728
3383 2729
11769 2730
3388 2731
3389 2732
3421 2733
15862 2734
6194 2735
21921 2736
3480 2737
10834 2738
3483 2739
15353 2740
3501 2741
5495 2742
3502 2743
3519 2744
12087 2745
4535 2746
5717 2747
7708 2748
8120 2749
8490 2750
9792 2751
10125 2752
10231 2753
13189 2754
13591 2755
14964 2756
15099 2757
16899 2758
17238 2759
18387 2760
21101 2761
21102 2762
21857 2763
21951 2764
22246 2765
22715 2766
3852 2767
22823 2768
3526 2769
13400 2770
24504 2771
3527 2772
19790 2773
3540 2774
12886 2775
3574 2776
4329 2777
3595 2778
3602 2779
3604 2780
3937 2781
5490 2782
23559 2783
3608 2784
9059 2785
9061 2786
18406 2787
3610 2788
18409 2789
22784 2790
11934 2791
14313 2792
15550 2793
21236 2794
24921 2795
5071 2796
3629 2797
3633 2798
24883 2799
3645 2800
9960 2801
3648 2802
3662 2803
7163 2804
9773 2805
9774 2806
3663 2807
3664 2808
11887 2809
1069 2810
2000 2811
6755 2812
12408 2813
12409 2814
12410 2815
16152 2816
17529 2817
18695 2818
20275 2819
23037 2820
23040 2821
2404 2822
8955 2823
9502 2824
9503 2825
18694 2826
3671 2827
14486 2828
14488 2829
21046 2830
21049 2831
21051 2832
21052 2833
21472 2834
24787 2835
3676 2836
16027 2837
3677 2838
3687 2839
4617 2840
3699 2841
18490 2842
7469 2843
3731 2844
15077 2845
24071 2846
3743 2847
3744 2848
3754 2849
17309 2850
3758 2851
8156 2852
12534 2853
12842 2854
24859 2855
3783 2856
12223 2857
3790 2858
8657 2859
3792 2860
14003 2861
14394 2862
16781 2863
22223 2864
3795 2865
3797 2866
4135 2867
8789 2868
12776 2869
12933 2870
18039 2871
23502 2872
23503 2873
12839 2874
16684 2875
3804 2876
3805 2877
3807 2878
18586 2879
20480 2880
952 2881
4227 2882
5588 2883
5615 2884
6420 2885
6712 2886
7108 2887
14704 2888
14705 2889
14706 2890
20835 2891
21818 2892
21820 2893
21822 2894
21823 2895
21825 2896
23231 2897
3820 2898
5339 2899
3839 2900
3842 2901
4253 2902
4899 2903
4901 2904
13008 2905
21507 2906
23863 2907
3846 2908
3855 2909
10869 2910
3857 2911
16515 2912
16637 2913
3858 2914
10117 2915
13231 2916
23560 2917
3860 2918
3862 2919
3861 2920
3867 2921
3882 2922
8994 2923
8997 2924
3890 2925
3891 2926
3894 2927
3120 2928
5127 2929
5158 2930
9158 2931
10112 2932
12484 2933
20429 2934
22719 2935
24154 2936
24160 2937
2110 2938
7548 2939
10568 2940
12405 2941
13403 2942
14091 2943
14648 2944
14697 2945
15101 2946
16686 2947
17637 2948
18425 2949
18578 2950
19397 2951
20751 2952
23471 2953
24157 2954
24159 2955
12483 2956
16308 2957
20970 2958
24156 2959
9359 2960
9360 2961
12487 2962
16303 2963
16307 2964
3911 2965
3916 2966
3922 2967
3925 2968
938 2969
6501 2970
7012 2971
8716 2972
8733 2973
9381 2974
19338 2975
20174 2976
22209 2977
22210 2978
22211 2979
22213 2980
22215 2981
24584 2982
3926 2983
5899 2984
9382 2985
9618 2986
9620 2987
14700 2988
15856 2989
17212 2990
17493 2991
18860 2992
19243 2993
22214 2994
24582 2995
3933 2996
5661 2997
15347 2998
3936 2999
13897 3000
3970 3001
6018 3002
16299 3003
18810 3004
21903 3005
21905 3006
3980 3007
16302 3008
3988 3009
3993 3010
3995 3011
9292 3012
9295 3013
10769 3014
10771 3015
14432 3016
14434 3017
14471 3018
14478 3019
15819 3020
15821 3021
15822 3022
15825 3023
20067 3024
21871 3025
3996 3026
5796 3027
10770 3028
14431 3029
15818 3030
4003 3031
16615 3032
4689 3033
12979 3034
4017 3035
6904 3036
6905 3037
580 3038
15132 3039
12250 3040
19430 3041
4035 3042
4037 3043
4038 3044
4039 3045
4043 3046
17037 3047
19846 3048
20059 3049
20062 3050
15489 3051
4074 3052
6052 3053
24460 3054
24916 3055
21165 3056
1238 3057
4134 3058
13937 3059
10929 3060
24975 3061
4150 3062
13290 3063
23137 3064
23138 3065
4160 3066
4163 3067
4174 3068
4176 3069
4177 3070
4179 3071
4180 3072
4181 3073
11663 3074
11664 3075
17033 3076
17034 3077
17035 3078
17036 3079
17038 3080
17039 3081
17040 3082
17041 3083
20063 3084
20064 3085
24866 3086
4175 3087
12770 3088
14477 3089
11662 3090
20060 3091
4178 3092
8508 3093
20061 3094
4192 3095
4200 3096
14481 3097
15775 3098
19948 3099
4201 3100
9892 3101
18518 3102
5023 3103
9883 3104
9886 3105
9890 3106
11426 3107
11775 3108
14271 3109
14479 3110
14480 3111
15773 3112
17121 3113
17312 3114
18083 3115
19941 3116
19944 3117
21056 3118
9884 3119
13464 3120
14482 3121
14483 3122
15374 3123
15520 3124
19378 3125
23702 3126
23706 3127
4204 3128
5029 3129
5083 3130
9216 3131
9625 3132
9894 3133
19950 3134
5014 3135
9885 3136
10148 3137
19182 3138
19947 3139
20034 3140
4207 3141
4214 3142
4222 3143
5504 3144
4237 3145
4250 3146
4251 3147
21457 3148
4252 3149
23768 3150
4275 3151
4280 3152
21153 3153
4312 3154
4318 3155
7099 3156
12796 3157
15319 3158
15860 3159
4325 3160
8187 3161
20810 3162
4330 3163
22778 3164
4358 3165
9787 3166
18398 3167
4360 3168
15417 3169
4361 3170
4371 3171
4389 3172
15368 3173
15369 3174
4403 3175
4402 3176
4421 3177
4422 3178
6115 3179
18388 3180
4440 3181
21257 3182
4445 3183
4446 3184
4452 3185
15690 3186
20742 3187
20746 3188
4474 3189
4475 3190
4477 3191
23911 3192
4478 3193
4480 3194
4483 3195
21305 3196
4488 3197
4491 3198
22913 3199
4495 3200
17596 3201
4511 3202
4512 3203
4513 3204
4516 3205
4519 3206
4520 3207
17397 3208
4521 3209
12709 3210
4527 3211
24288 3212
4528 3213
4529 3214
16720 3215
16721 3216
19223 3217
19225 3218
22193 3219
24287 3220
24289 3221
4530 3222
8407 3223
11637 3224
4532 3225
10977 3226
4536 3227
10983 3228
4540 3229
4913 3230
4567 3231
4568 3232
4569 3233
4589 3234
4600 3235
451 3236
4608 3237
4619 3238
20426 3239
4632 3240
9630 3241
4633 3242
9631 3243
4634 3244
19441 3245
14384 3246
14443 3247
8093 3248
24862 3249
4638 3250
4643 3251
12246 3252
24768 3253
4650 3254
7751 3255
4671 3256
5696 3257
4674 3258
4676 3259
4677 3260
4679 3261
4681 3262
4683 3263
4694 3264
12406 3265
4700 3266
19174 3267
4720 3268
20483 3269
4722 3270
4723 3271
4729 3272
4738 3273
1902 3274
1903 3275
4760 3276
20042 3277
4766 3278
4767 3279
4769 3280
13010 3281
4772 3282
4773 3283
4774 3284
4776 3285
4782 3286
6465 3287
4791 3288
4792 3289
4827 3290
16504 3291
19525 3292
12338 3293
4863 3294
9828 3295
5325 3296
20255 3297
4865 3298
11540 3299
17113 3300
22649 3301
4871 3302
4872 3303
8073 3304
4873 3305
4874 3306
2649 3307
4890 3308
1483 3309
4910 3310
4911 3311
4919 3312
10978 3313
16001 3314
4938 3315
11821 3316
4939 3317
4941 3318
7426 3319
7427 3320
4962 3321
4963 3322
4974 3323
4990 3324
12673 3325
10603 3326
13743 3327
5006 3328
7680 3329
23403 3330
5021 3331
6379 3332
20705 3333
5034 3334
12214 3335
17576 3336
5051 3337
12883 3338
16790 3339
5064 3340
5735 3341
5077 3342
5086 3343
5088 3344
5089 3345
5090 3346
5091 3347
5095 3348
5111 3349
11932 3350
5136 3351
18973 3352
5139 3353
16012 3354
5140 3355
7760 3356
5155 3357
9356 3358
11768 3359
12460 3360
12656 3361
15722 3362
16512 3363
19854 3364
21965 3365
7048 3366
23637 3367
21817 3368
5174 3369
5175 3370
16789 3371
5180 3372
12050 3373
16735 3374
5184 3375
23413 3376
5191 3377
20414 3378
21004 3379
8626 3380
5206 3381
5208 3382
5210 3383
5219 3384
11120 3385
12743 3386
20716 3387
20717 3388
5222 3389
5238 3390
10953 3391
20091 3392
22267 3393
24380 3394
8916 3395
14667 3396
5240 3397
6945 3398
20418 3399
5242 3400
5255 3401
8428 3402
14762 3403
5269 3404
5271 3405
5275 3406
5284 3407
5747 3408
9414 3409
12901 3410
12903 3411
5322 3412
5329 3413
13935 3414
6009 3415
14719 3416
11509 3417
5369 3418
7337 3419
5374 3420
5376 3421
11991 3422
5379 3423
5378 3424
5385 3425
16621 3426
19519 3427
19523 3428
22345 3429
6283 3430
5427 3431
5429 3432
3363 3433
15424 3434
5437 3435
6715 3436
16167 3437
554 3438
6213 3439
6576 3440
6580 3441
8775 3442
11032 3443
11310 3444
11920 3445
14916 3446
14919 3447
14920 3448
15807 3449
18037 3450
18250 3451
20227 3452
20615 3453
22305 3454
22307 3455
22314 3456
23116 3457
23830 3458
5444 3459
7635 3460
22523 3461
5446 3462
16725 3463
5448 3464
5451 3465
24902 3466
5452 3467
6209 3468
7097 3469
9144 3470
14040 3471
11732 3472
17117 3473
20052 3474
5469 3475
5510 3476
9949 3477
9950 3478
12772 3479
5489 3480
1066 3481
14453 3482
5496 3483
17357 3484
5497 3485
5498 3486
5499 3487
489 3488
5521 3489
5542 3490
5548 3491
1343 3492
13148 3493
5554 3494
5555 3495
5566 3496
15676 3497
5569 3498
14261 3499
5592 3500
14491 3501
464 3502
6708 3503
11746 3504
20969 3505
24788 3506
5597 3507
5616 3508
5630 3509
5632 3510
5633 3511
5639 3512
5660 3513
6051 3514
6720 3515
9211 3516
17077 3517
20714 3518
21164 3519
22415 3520
22793 3521
5666 3522
11745 3523
5702 3524
11878 3525
11882 3526
5707 3527
6930 3528
19595 3529
24430 3530
17519 3531
11901 3532
5736 3533
5737 3534
5738 3535
5739 3536
5743 3537
17472 3538
5757 3539
7015 3540
5761 3541
5763 3542
5765 3543
7235 3544
5766 3545
5767 3546
5789 3547
5790 3548
5811 3549
5817 3550
5829 3551
22218 3552
5831 3553
19069 3554
5847 3555
18138 3556
5861 3557
5863 3558
15409 3559
17326 3560
5864 3561
18251 3562
20000 3563
5865 3564
5866 3565
5868 3566
5870 3567
5477 3568
8992 3569
10734 3570
13756 3571
15037 3572
5871 3573
5873 3574
7170 3575
12383 3576
14096 3577
18743 3578
24133 3579
24648 3580
6330 3581
10856 3582
14843 3583
16678 3584
5877 3585
1414 3586
7382 3587
15853 3588
15854 3589
19504 3590
5889 3591
17740 3592
5890 3593
5891 3594
5892 3595
5894 3596
931 3597
5900 3598
23158 3599
5919 3600
5946 3601
5955 3602
5960 3603
5962 3604
5956 3605
5963 3606
16121 3607
22833 3608
5957 3609
5958 3610
5959 3611
15488 3612
5977 3613
5978 3614
5983 3615
5998 3616
9328 3617
5999 3618
6000 3619
5 3620
4140 3621
10522 3622
10885 3623
14549 3624
19592 3625
21095 3626
6106 3627
9106 3628
7536 3629
7699 3630
7935 3631
8101 3632
11979 3633
17387 3634
24607 3635
12531 3636
15918 3637
8807 3638
12536 3639
6010 3640
6016 3641
6041 3642
6040 3643
6043 3644
20563 3645
6047 3646
6054 3647
6055 3648
21067 3649
6056 3650
13174 3651
6067 3652
6087 3653
16964 3654
23098 3655
6089 3656
6092 3657
6112 3658
6117 3659
6131 3660
18793 3661
6132 3662
6146 3663
7807 3664
18855 3665
6148 3666
20884 3667
6158 3668
16746 3669
6159 3670
6160 3671
6163 3672
14454 3673
6172 3674
6183 3675
15890 3676
15894 3677
15895 3678
15897 3679
6186 3680
7270 3681
6195 3682
6196 3683
7271 3684
6205 3685
6206 3686
6207 3687
20138 3688
6211 3689
7598 3690
6218 3691
6219 3692
20110 3693
6237 3694
6238 3695
6239 3696
15993 3697
6240 3698
6241 3699
6243 3700
6244 3701
6245 3702
6253 3703
17433 3704
6257 3705
17434 3706
6264 3707
18098 3708
19006 3709
9384 3710
10062 3711
6268 3712
6269 3713
13504 3714
6293 3715
6294 3716
11029 3717
6297 3718
6298 3719
6989 3720
6990 3721
6991 3722
17417 3723
6304 3724
6322 3725
6323 3726
12881 3727
12882 3728
22530 3729
13129 3730
21915 3731
6326 3732
6327 3733
6329 3734
12902 3735
13607 3736
22130 3737
23443 3738
19875 3739
7786 3740
9747 3741
14248 3742
21174 3743
24687 3744
6689 3745
10619 3746
10831 3747
11068 3748
11796 3749
13609 3750
14881 3751
16153 3752
16795 3753
20863 3754
21413 3755
21918 3756
8350 3757
10209 3758
15449 3759
17236 3760
17287 3761
17981 3762
19593 3763
10830 3764
13425 3765
16345 3766
24809 3767
6335 3768
22138 3769
6338 3770
9217 3771
6353 3772
20311 3773
6357 3774
12983 3775
6365 3776
6370 3777
6395 3778
6400 3779
6397 3780
6401 3781
16098 3782
6399 3783
22264 3784
6411 3785
6413 3786
6417 3787
16370 3788
6490 3789
5468 3790
6494 3791
9369 3792
10122 3793
14956 3794
16557 3795
20499 3796
6505 3797
6507 3798
19307 3799
19309 3800
19310 3801
19311 3802
19312 3803
19438 3804
6541 3805
6558 3806
21258 3807
6560 3808
6563 3809
12729 3810
19490 3811
19492 3812
21337 3813
23499 3814
6598 3815
6599 3816
6606 3817
6610 3818
6620 3819
6632 3820
17221 3821
21066 3822
21566 3823
21567 3824
21781 3825
23985 3826
24241 3827
14744 3828
16739 3829
6634 3830
11553 3831
18871 3832
19306 3833
24015 3834
24236 3835
6648 3836
11184 3837
1720 3838
1724 3839
7809 3840
14915 3841
16623 3842
6674 3843
13699 3844
6683 3845
9005 3846
6688 3847
10838 3848
6690 3849
19952 3850
7571 3851
6707 3852
17719 3853
11539 3854
20946 3855
2123 3856
18458 3857
19056 3858
6745 3859
12053 3860
14519 3861
6746 3862
6754 3863
10722 3864
6786 3865
6788 3866
6578 3867
12471 3868
15208 3869
15209 3870
15211 3871
22309 3872
6789 3873
6790 3874
6844 3875
6897 3876
6899 3877
2014 3878
6906 3879
6907 3880
20944 3881
6913 3882
6939 3883
6944 3884
4807 3885
6946 3886
7488 3887
7485 3888
7486 3889
7487 3890
6952 3891
6959 3892
6960 3893
10224 3894
6967 3895
15335 3896
6972 3897
24741 3898
6973 3899
6976 3900
3058 3901
4430 3902
5102 3903
5701 3904
7424 3905
7779 3906
8225 3907
9123 3908
9403 3909
11057 3910
12614 3911
15001 3912
15881 3913
16229 3914
18858 3915
18997 3916
19219 3917
20251 3918
20836 3919
24653 3920
6981 3921
6988 3922
13856 3923
22792 3924
13338 3925
20254 3926
22426 3927
5750 3928
18669 3929
16312 3930
6994 3931
6995 3932
6996 3933
6998 3934
6999 3935
7001 3936
7000 3937
19057 3938
7002 3939
7003 3940
22919 3941
7004 3942
7005 3943
7016 3944
7038 3945
18194 3946
7041 3947
19520 3948
7049 3949
7279 3950
10066 3951
12544 3952
19880 3953
21801 3954
7070 3955
10745 3956
16681 3957
7095 3958
7240 3959
7715 3960
7096 3961
22356 3962
7390 3963
11062 3964
14728 3965
15135 3966
15947 3967
15130 3968
20813 3969
24501 3970
7111 3971
7112 3972
7125 3973
7155 3974
7156 3975
7792 3976
7165 3977
7189 3978
7205 3979
19123 3980
15809 3981
15967 3982
22905 3983
23182 3984
7229 3985
7230 3986
9704 3987
7236 3988
7241 3989
7261 3990
12509 3991
13303 3992
7283 3993
7286 3994
22189 3995
7298 3996
7299 3997
7310 3998
7328 3999
17152 4000
14043 4001
7354 4002
7355 4003
7357 4004
7386 4005
7401 4006
5907 4007
7402 4008
7403 4009
7409 4010
7780 4011
13509 4012
7410 4013
22598 4014
7416 4015
9734 4016
12890 4017
19978 4018
7420 4019
7421 4020
6868 4021
7425 4022
24338 4023
7422 4024
8646 4025
17510 4026
19673 4027
7432 4028
24323 4029
8978 4030
8979 4031
15861 4032
18229 4033
19990 4034
22764 4035
7436 4036
7438 4037
7444 4038
24164 4039
7452 4040
7453 4041
7490 4042
3601 4043
9948 4044
17621 4045
7508 4046
7524 4047
13782 4048
14823 4049
7532 4050
7533 4051
7534 4052
7538 4053
7539 4054
7543 4055
7547 4056
7559 4057
14753 4058
20277 4059
7560 4060
14249 4061
20738 4062
1721 4063
6705 4064
14707 4065
20840 4066
24713 4067
14712 4068
23551 4069
14703 4070
950 4071
16783 4072
7584 4073
7587 4074
7593 4075
7594 4076
7597 4077
18538 4078
11278 4079
16871 4080
18302 4081
7622 4082
7623 4083
7628 4084
7634 4085
7649 4086
7656 4087
3729 4088
17735 4089
17256 4090
7668 4091
7669 4092
23597 4093
7671 4094
8537 4095
7674 4096
7204 4097
8538 4098
8975 4099
7697 4100
7784 4101
11061 4102
14286 4103
16317 4104
16352 4105
20864 4106
21247 4107
2815 4108
7726 4109
7730 4110
7734 4111
18705 4112
7735 4113
7736 4114
7752 4115
7761 4116
9145 4117
7778 4118
6406 4119
7781 4120
14393 4121
20996 4122
23075 4123
5320 4124
12088 4125
24163 4126
8756 4127
11484 4128
17384 4129
7788 4130
7793 4131
7804 4132
7805 4133
7810 4134
21214 4135
7826 4136
10320 4137
17959 4138
19183 4139
7832 4140
7837 4141
9326 4142
15706 4143
7861 4144
7876 4145
7879 4146
10653 4147
19190 4148
21338 4149
7886 4150
7887 4151
14927 4152
7909 4153
7910 4154
19764 4155
19289 4156
7947 4157
2646 4158
7951 4159
10516 4160
21502 4161
7949 4162
7960 4163
11584 4164
12936 4165
7965 4166
7973 4167
7977 4168
9455 4169
11350 4170
14540 4171
7978 4172
10258 4173
7979 4174
11351 4175
14542 4176
24233 4177
24234 4178
3606 4179
18651 4180
8983 4181
11731 4182
11737 4183
18228 4184
8010 4185
8056 4186
8064 4187
15450 4188
8065 4189
13459 4190
4484 4191
23090 4192
8067 4193
8068 4194
8070 4195
8354 4196
20993 4197
8071 4198
20529 4199
8080 4200
24688 4201
8083 4202
8087 4203
8088 4204
8096 4205
8092 4206
16240 4207
17534 4208
17538 4209
17539 4210
17540 4211
17588 4212
8112 4213
17541 4214
17542 4215
22439 4216
22440 4217
8114 4218
8128 4219
1624 4220
8138 4221
8144 4222
6951 4223
7082 4224
7492 4225
12530 4226
14335 4227
16171 4228
16304 4229
16310 4230
17663 4231
24152 4232
24153 4233
14186 4234
8188 4235
5516 4236
13556 4237
19185 4238
8189 4239
11380 4240
8191 4241
8379 4242
8210 4243
19003 4244
8212 4245
18125 4246
8214 4247
8219 4248
8224 4249
8239 4250
8267 4251
8269 4252
8284 4253
8288 4254
12423 4255
8303 4256
8312 4257
8313 4258
8322 4259
8328 4260
8329 4261
8323 4262
8325 4263
8327 4264
8326 4265
8330 4266
8333 4267
24444 4268
8348 4269
18919 4270
3409 4271
7394 4272
14239 4273
17840 4274
20599 4275
21652 4276
8357 4277
8363 4278
13704 4279
8364 4280
8373 4281
8377 4282
8387 4283
8414 4284
8415 4285
23508 4286
8421 4287
18122 4288
8432 4289
753 4290
8434 4291
11778 4292
20293 4293
8435 4294
8438 4295
18033 4296
11761 4297
16563 4298
8463 4299
8470 4300
8483 4301
13797 4302
8487 4303
8488 4304
10499 4305
8489 4306
17681 4307
8502 4308
22921 4309
8509 4310
18701 4311
8514 4312
14317 4313
8515 4314
14653 4315
11146 4316
8536 4317
8564 4318
9373 4319
8606 4320
8611 4321
8613 4322
12170 4323
20137 4324
8618 4325
8625 4326
9903 4327
17649 4328
24771 4329
9222 4330
9226 4331
8630 4332
8653 4333
8655 4334
8658 4335
8681 4336
8682 4337
16025 4338
8697 4339
8708 4340
8734 4341
8717 4342
8718 4343
23572 4344
8724 4345
8725 4346
14750 4347
19531 4348
21891 4349
8732 4350
8740 4351
8742 4352
8744 4353
8750 4354
8746 4355
8749 4356
8751 4357
8762 4358
8763 4359
8764 4360
11144 4361
17188 4362
11513 4363
19245 4364
8796 4365
10228 4366
8801 4367
10229 4368
9733 4369
24538 4370
8821 4371
8825 4372
16874 4373
8836 4374
11170 4375
12225 4376
12744 4377
13357 4378
14291 4379
14492 4380
15315 4381
18693 4382
20276 4383
24630 4384
8842 4385
3589 4386
10599 4387
8847 4388
16619 4389
8852 4390
8884 4391
8886 4392
8887 4393
8888 4394
3277 4395
23988 4396
2518 4397
8900 4398
24585 4399
9998 4400
8931 4401
21913 4402
8942 4403
8954 4404
15447 4405
15448 4406
18195 4407
18196 4408
14427 4409
15446 4410
23797 4411
8977 4412
9009 4413
9010 4414
9018 4415
9020 4416
9056 4417
9057 4418
14188 4419
9058 4420
9066 4421
9076 4422
9084 4423
3575 4424
21501 4425
9086 4426
9275 4427
9090 4428
9095 4429
22669 4430
9113 4431
9122 4432
9846 4433
9131 4434
4814 4435
13433 4436
18193 4437
19362 4438
9148 4439
9147 4440
9183 4441
9184 4442
22707 4443
22709 4444
13827 4445
9195 4446
9194 4447
9471 4448
9204 4449
9206 4450
9209 4451
18916 4452
9210 4453
9227 4454
9235 4455
17559 4456
18732 4457
18731 4458
22773 4459
9272 4460
9274 4461
9285 4462
14392 4463
16680 4464
15820 4465
1970 4466
9303 4467
13365 4468
14399 4469
12384 4470
6544 4471
13445 4472
9313 4473
22832 4474
9324 4475
11386 4476
9327 4477
21242 4478
9342 4479
15852 4480
9370 4481
13491 4482
13493 4483
17049 4484
23426 4485
9371 4486
22779 4487
9386 4488
9387 4489
9388 4490
9393 4491
23855 4492
9398 4493
9400 4494
9401 4495
9408 4496
15872 4497
9415 4498
9416 4499
21044 4500
21045 4501
9418 4502
9420 4503
9421 4504
13976 4505
13978 4506
9422 4507
9427 4508
14290 4509
9428 4510
9436 4511
9440 4512
17968 4513
9456 4514
9457 4515
20450 4516
17718 4517
9468 4518
9469 4519
9479 4520
11884 4521
21270 4522
9484 4523
9485 4524
9488 4525
9495 4526
23224 4527
9579 4528
9582 4529
14752 4530
18847 4531
19418 4532
9581 4533
9163 4534
23293 4535
9585 4536
9586 4537
12896 4538
9609 4539
9611 4540
16808 4541
9617 4542
14691 4543
24337 4544
17622 4545
7806 4546
24245 4547
9622 4548
9629 4549
14150 4550
16228 4551
9658 4552
9690 4553
12076 4554
9692 4555
9693 4556
9696 4557
9697 4558
13251 4559
9699 4560
21770 4561
9706 4562
9744 4563
18769 4564
10924 4565
18163 4566
18349 4567
9761 4568
8891 4569
9762 4570
9764 4571
12006 4572
19412 4573
9767 4574
9765 4575
9766 4576
7164 4577
9791 4578
9811 4579
15410 4580
15411 4581
15413 4582
9812 4583
9813 4584
9827 4585
9834 4586
9839 4587
3964 4588
18737 4589
9840 4590
9845 4591
4780 4592
18969 4593
9860 4594
9877 4595
21431 4596
9878 4597
9876 4598
9888 4599
9893 4600
20479 4601
9933 4602
9935 4603
9936 4604
9940 4605
9945 4606
12773 4607
9958 4608
23866 4609
9965 4610
9976 4611
15571 4612
9979 4613
9987 4614
9996 4615
12526 4616
9997 4617
12527 4618
10002 4619
10014 4620
10033 4621
10052 4622
10053 4623
10057 4624
10056 4625
10071 4626
17584 4627
10077 4628
24710 4629
10079 4630
10084 4631
10085 4632
21088 4633
10090 4634
10092 4635
10093 4636
10104 4637
10105 4638
17665 4639
19121 4640
10116 4641
10119 4642
10126 4643
10128 4644
10420 4645
11388 4646
10147 4647
19509 4648
10167 4649
5233 4650
10168 4651
10169 4652
10496 4653
10170 4654
10180 4655
1821 4656
15418 4657
24661 4658
10200 4659
10201 4660
19652 4661
18760 4662
10210 4663
10215 4664
20442 4665
20149 4666
10225 4667
20372 4668
20374 4669
10226 4670
10230 4671
18029 4672
10306 4673
10315 4674
10326 4675
10327 4676
16719 4677
10329 4678
10330 4679
10332 4680
10333 4681
10334 4682
10343 4683
3923 4684
10352 4685
3407 4686
10361 4687
13828 4688
10396 4689
10397 4690
7139 4691
15131 4692
15888 4693
11309 4694
19649 4695
20619 4696
20621 4697
21364 4698
10417 4699
10437 4700
10438 4701
23055 4702
10445 4703
10466 4704
10503 4705
10506 4706
10532 4707
10534 4708
18482 4709
10557 4710
12336 4711
10559 4712
5161 4713
14272 4714
18601 4715
10562 4716
10563 4717
20427 4718
10592 4719
18104 4720
10595 4721
2873 4722
18137 4723
10610 4724
10622 4725
13216 4726
10635 4727
17026 4728
10638 4729
21901 4730
10646 4731
10648 4732
10647 4733
21397 4734
10662 4735
10669 4736
4673 4737
15017 4738
10679 4739
10684 4740
10706 4741
10707 4742
10708 4743
10709 4744
9688 4745
16656 4746
16911 4747
10713 4748
10752 4749
12208 4750
20319 4751
10753 4752
10794 4753
10795 4754
10812 4755
10814 4756
10818 4757
10854 4758
10868 4759
10870 4760
10871 4761
10872 4762
10873 4763
10874 4764
10876 4765
13324 4766
10889 4767
17856 4768
10891 4769
10915 4770
2282 4771
10919 4772
6982 4773
10920 4774
3583 4775
6992 4776
10922 4777
13723 4778
16040 4779
24214 4780
10946 4781
11757 4782
11759 4783
10949 4784
10956 4785
2102 4786
2684 4787
8220 4788
11482 4789
23002 4790
10987 4791
10991 4792
11012 4793
11026 4794
11027 4795
11028 4796
22911 4797
11036 4798
17835 4799
17836 4800
17839 4801
11038 4802
11042 4803
15837 4804
11048 4805
11052 4806
4645 4807
11060 4808
22095 4809
18197 4810
11069 4811
11070 4812
11072 4813
11188 4814
18191 4815
3910 4816
10724 4817
15140 4818
15142 4819
21640 4820
11079 4821
16782 4822
16807 4823
13021 4824
16836 4825
21367 4826
24775 4827
11085 4828
11089 4829
24601 4830
11114 4831
11119 4832
22180 4833
20794 4834
11122 4835
2103 4836
16620 4837
23094 4838
11139 4839
11141 4840
14685 4841
19499 4842
11149 4843
14190 4844
11176 4845
11183 4846
11193 4847
11195 4848
11789 4849
11795 4850
22243 4851
11199 4852
11200 4853
18427 4854
12950 4855
11246 4856
15361 4857
11249 4858
12653 4859
11251 4860
11253 4861
11256 4862
11257 4863
9310 4864
11260 4865
11263 4866
15407 4867
18595 4868
6574 4869
6579 4870
6582 4871
9794 4872
11977 4873
15291 4874
15293 4875
18041 4876
18742 4877
18799 4878
20228 4879
20614 4880
20957 4881
22772 4882
8780 4883
11976 4884
13170 4885
13173 4886
16769 4887
18035 4888
19286 4889
22313 4890
6581 4891
14918 4892
11880 4893
12975 4894
18095 4895
18735 4896
22308 4897
23227 4898
5475 4899
15246 4900
21910 4901
1384 4902
3626 4903
11202 4904
11783 4905
12689 4906
12931 4907
14807 4908
14914 4909
14917 4910
15607 4911
16246 4912
17699 4913
20707 4914
20948 4915
22700 4916
16934 4917
12470 4918
9293 4919
15823 4920
15826 4921
11320 4922
20259 4923
20263 4924
12012 4925
12479 4926
14966 4927
15288 4928
16574 4929
20258 4930
20805 4931
20807 4932
21343 4933
11329 4934
1849 4935
4444 4936
5787 4937
6562 4938
12565 4939
12861 4940
15287 4941
15289 4942
15338 4943
16779 4944
16885 4945
16948 4946
18066 4947
18127 4948
20316 4949
21154 4950
21156 4951
21366 4952
24223 4953
24806 4954
17754 4955
11352 4956
17752 4957
11366 4958
11370 4959
11378 4960
6615 4961
11383 4962
11379 4963
18183 4964
11381 4965
11382 4966
350 4967
11389 4968
11391 4969
11390 4970
11393 4971
11392 4972
11396 4973
17042 4974
11398 4975
11403 4976
1877 4977
11405 4978
11408 4979
11412 4980
22225 4981
18883 4982
19002 4983
14294 4984
11452 4985
11373 4986
11458 4987
14032 4988
11462 4989
11464 4990
11479 4991
15843 4992
14044 4993
11485 4994
11486 4995
23868 4996
11508 4997
11510 4998
11516 4999
11839 5000
11525 5001
18187 5002
11537 5003
11541 5004
11544 5005
11555 5006
11556 5007
11554 5008
11558 5009
11560 5010
11564 5011
11565 5012
17872 5013
11568 5014
14960 5015
11572 5016
20806 5017
8795 5018
16280 5019
11588 5020
14035 5021
11613 5022
3541 5023
5703 5024
12858 5025
13291 5026
13617 5027
13794 5028
13922 5029
14042 5030
15268 5031
17653 5032
17775 5033
20342 5034
20862 5035
23092 5036
11626 5037
11629 5038
11653 5039
15416 5040
17471 5041
22354 5042
19852 5043
11666 5044
12887 5045
11667 5046
11671 5047
11677 5048
15423 5049
11679 5050
729 5051
11681 5052
11682 5053
11685 5054
11706 5055
11717 5056
18227 5057
2652 5058
14850 5059
13811 5060
24927 5061
11755 5062
11756 5063
11758 5064
11762 5065
15924 5066
11771 5067
11772 5068
11787 5069
21830 5070
21829 5071
11793 5072
11809 5073
8943 5074
11823 5075
19235 5076
21735 5077
11826 5078
6415 5079
18249 5080
11838 5081
11840 5082
11842 5083
11841 5084
18746 5085
11861 5086
11862 5087
11865 5088
11879 5089
11881 5090
11883 5091
6187 5092
10331 5093
19532 5094
20978 5095
11890 5096
22954 5097
11906 5098
21125 5099
11910 5100
10311 5101
11929 5102
11922 5103
21040 5104
11927 5105
11931 5106
10314 5107
11990 5108
16505 5109
11999 5110
7558 5111
12003 5112
14754 5113
12000 5114
12002 5115
14748 5116
14749 5117
18792 5118
12001 5119
12007 5120
14747 5121
14755 5122
19797 5123
24110 5124
21575 5125
12004 5126
12005 5127
19232 5128
12010 5129
12029 5130
3543 5131
3544 5132
3546 5133
12036 5134
12046 5135
12051 5136
12063 5137
1814 5138
13808 5139
22241 5140
22362 5141
12067 5142
15400 5143
12109 5144
18284 5145
24442 5146
12132 5147
12154 5148
12164 5149
12198 5150
12202 5151
12209 5152
12211 5153
3285 5154
5698 5155
6877 5156
6879 5157
11173 5158
11451 5159
15405 5160
16295 5161
17474 5162
22014 5163
23739 5164
23741 5165
6561 5166
6878 5167
8570 5168
10089 5169
10219 5170
10412 5171
11174 5172
12090 5173
12906 5174
15889 5175
22838 5176
11056 5177
16294 5178
12218 5179
12240 5180
12247 5181
12837 5182
12248 5183
12491 5184
10882 5185
12265 5186
5466 5187
14153 5188
15592 5189
20095 5190
12289 5191
12291 5192
12307 5193
12303 5194
12319 5195
14535 5196
12324 5197
12363 5198
12373 5199
21264 5200
21267 5201
24382 5202
12376 5203
16750 5204
12385 5205
15273 5206
12387 5207
12388 5208
12389 5209
17215 5210
12392 5211
12404 5212
12441 5213
12456 5214
12457 5215
12458 5216
12463 5217
12469 5218
15186 5219
15657 5220
19476 5221
19339 5222
22249 5223
12499 5224
12500 5225
14912 5226
12507 5227
12510 5228
12525 5229
12533 5230
12535 5231
21804 5232
12539 5233
12541 5234
12542 5235
12543 5236
12545 5237
12561 5238
12570 5239
20274 5240
12583 5241
12594 5242
12595 5243
3631 5244
10025 5245
11143 5246
11907 5247
12459 5248
13302 5249
13956 5250
14660 5251
17400 5252
19167 5253
19781 5254
24759 5255
24938 5256
12598 5257
10533 5258
13812 5259
13959 5260
4429 5261
7612 5262
9034 5263
9509 5264
10862 5265
13954 5266
13985 5267
14183 5268
16156 5269
20583 5270
22428 5271
23904 5272
12611 5273
12667 5274
12680 5275
12681 5276
12683 5277
12684 5278
12685 5279
12688 5280
12690 5281
12710 5282
12714 5283
15556 5284
21983 5285
1183 5286
14584 5287
16935 5288
19188 5289
20501 5290
1084 5291
1182 5292
15462 5293
15785 5294
16749 5295
20971 5296
22825 5297
12733 5298
12426 5299
18110 5300
23005 5301
24982 5302
12734 5303
1528 5304
2031 5305
21173 5306
21177 5307
21179 5308
12740 5309
12741 5310
24429 5311
12742 5312
21087 5313
12761 5314
12763 5315
12764 5316
12765 5317
12769 5318
12775 5319
17072 5320
12777 5321
12778 5322
15150 5323
12783 5324
12798 5325
12811 5326
12812 5327
12814 5328
12813 5329
12815 5330
12816 5331
12832 5332
12834 5333
12840 5334
12841 5335
12843 5336
12845 5337
12855 5338
12856 5339
20634 5340
14438 5341
24811 5342
12876 5343
12884 5344
3812 5345
12893 5346
12895 5347
17676 5348
12897 5349
12909 5350
12908 5351
12914 5352
12916 5353
1501 5354
14111 5355
18298 5356
19776 5357
24351 5358
10664 5359
12952 5360
12953 5361
15459 5362
20496 5363
12980 5364
20926 5365
12988 5366
12991 5367
12996 5368
13022 5369
17398 5370
13023 5371
13031 5372
22912 5373
13068 5374
13069 5375
13070 5376
13071 5377
13072 5378
13073 5379
13074 5380
13081 5381
13088 5382
13107 5383
13110 5384
18015 5385
13147 5386
206 5387
997 5388
13671 5389
13768 5390
14009 5391
22013 5392
13149 5393
207 5394
17340 5395
6875 5396
24252 5397
13183 5398
13187 5399
13199 5400
983 5401
4212 5402
13264 5403
13273 5404
13319 5405
13694 5406
13697 5407
13373 5408
13369 5409
13388 5410
13409 5411
14902 5412
13435 5413
13444 5414
13450 5415
13455 5416
13451 5417
17321 5418
13457 5419
13480 5420
15824 5421
13490 5422
14136 5423
19461 5424
13492 5425
14986 5426
17050 5427
13507 5428
13508 5429
2035 5430
19590 5431
4789 5432
12935 5433
13515 5434
9377 5435
13519 5436
13527 5437
13530 5438
13552 5439
13554 5440
13408 5441
13555 5442
15276 5443
15278 5444
15275 5445
13558 5446
13561 5447
13564 5448
5855 5449
13595 5450
13589 5451
18606 5452
17984 5453
13597 5454
7137 5455
13608 5456
13624 5457
13648 5458
13655 5459
13665 5460
8444 5461
9942 5462
11649 5463
11650 5464
11651 5465
14448 5466
16325 5467
18633 5468
19484 5469
13670 5470
11648 5471
24085 5472
13696 5473
13702 5474
16403 5475
13703 5476
16404 5477
13705 5478
13717 5479
20566 5480
13724 5481
13727 5482
13740 5483
13741 5484
16560 5485
13742 5486
13757 5487
14533 5488
24817 5489
13786 5490
13796 5491
13799 5492
13814 5493
14831 5494
14832 5495
14838 5496
13820 5497
13874 5498
13880 5499
13891 5500
11488 5501
20341 5502
22128 5503
13926 5504
13940 5505
13942 5506
13952 5507
13957 5508
18703 5509
13963 5510
13965 5511
19122 5512
12904 5513
12905 5514
12907 5515
14026 5516
1895 5517
5836 5518
14028 5519
14031 5520
14390 5521
15093 5522
16566 5523
14037 5524
14038 5525
14041 5526
15871 5527
18285 5528
14045 5529
14052 5530
14053 5531
14074 5532
14081 5533
14083 5534
23200 5535
23201 5536
14084 5537
14085 5538
14397 5539
14086 5540
14092 5541
13795 5542
14094 5543
14095 5544
14122 5545
16813 5546
20458 5547
14161 5548
14163 5549
14164 5550
14166 5551
14171 5552
14172 5553
14181 5554
14187 5555
1910 5556
12120 5557
19506 5558
14196 5559
14205 5560
14235 5561
16799 5562
16800 5563
24379 5564
24912 5565
14236 5566
16986 5567
14238 5568
16987 5569
24322 5570
14242 5571
24169 5572
14246 5573
6410 5574
15830 5575
18481 5576
18540 5577
18541 5578
19386 5579
21252 5580
22526 5581
22527 5582
22528 5583
22531 5584
23111 5585
23261 5586
3900 5587
15371 5588
18080 5589
18088 5590
18539 5591
19152 5592
21251 5593
22525 5594
22529 5595
24177 5596
24178 5597
14257 5598
12382 5599
24942 5600
14259 5601
20150 5602
20153 5603
20399 5604
21841 5605
24545 5606
24546 5607
24549 5608
14260 5609
9331 5610
20146 5611
20151 5612
20155 5613
21843 5614
24550 5615
24548 5616
14266 5617
14270 5618
14280 5619
14281 5620
19301 5621
19302 5622
14326 5623
14327 5624
14328 5625
14329 5626
14350 5627
14366 5628
14379 5629
21551 5630
21850 5631
9214 5632
14418 5633
14420 5634
14426 5635
14428 5636
18403 5637
72 5638
10925 5639
12473 5640
14510 5641
14512 5642
14520 5643
2467 5644
13058 5645
13767 5646
14521 5647
21701 5648
14524 5649
14526 5650
14527 5651
14538 5652
15717 5653
14548 5654
14564 5655
14581 5656
13115 5657
14595 5658
22490 5659
14603 5660
14604 5661
14615 5662
14637 5663
14638 5664
12612 5665
21100 5666
14659 5667
14661 5668
14662 5669
14663 5670
14668 5671
14688 5672
14690 5673
14692 5674
14713 5675
14725 5676
16436 5677
14729 5678
21766 5679
14736 5680
14738 5681
19237 5682
15849 5683
14784 5684
14809 5685
14810 5686
14824 5687
14830 5688
14841 5689
17006 5690
14862 5691
731 5692
15892 5693
14937 5694
14940 5695
14946 5696
14957 5697
23406 5698
23409 5699
14963 5700
19744 5701
19062 5702
14987 5703
15009 5704
9924 5705
15023 5706
15048 5707
23175 5708
6359 5709
24025 5710
15070 5711
15071 5712
15073 5713
15074 5714
24052 5715
1091 5716
16734 5717
20964 5718
20965 5719
21061 5720
24069 5721
5719 5722
24070 5723
24073 5724
15078 5725
19178 5726
15080 5727
15086 5728
15108 5729
19218 5730
15109 5731
23436 5732
15113 5733
15114 5734
15129 5735
15136 5736
16096 5737
15152 5738
4604 5739
22239 5740
15162 5741
15164 5742
13412 5743
24693 5744
15215 5745
15218 5746
18710 5747
15233 5748
15244 5749
15253 5750
15258 5751
23342 5752
15266 5753
16548 5754
20078 5755
15272 5756
15271 5757
23303 5758
15292 5759
15294 5760
20262 5761
15298 5762
15300 5763
15325 5764
15326 5765
15327 5766
15328 5767
15329 5768
15330 5769
15331 5770
15334 5771
21679 5772
23501 5773
23538 5774
15336 5775
21678 5776
21193 5777
15348 5778
7799 5779
15350 5780
15362 5781
8995 5782
15367 5783
15372 5784
15373 5785
15386 5786
15388 5787
15415 5788
19222 5789
15456 5790
15460 5791
15471 5792
15473 5793
17558 5794
15497 5795
15502 5796
24638 5797
22512 5798
15504 5799
16624 5800
16151 5801
15568 5802
8069 5803
15578 5804
15581 5805
15594 5806
18264 5807
15619 5808
15622 5809
15620 5810
3921 5811
15651 5812
15653 5813
15654 5814
15680 5815
15679 5816
15688 5817
19869 5818
4588 5819
16822 5820
15724 5821
15725 5822
15741 5823
22096 5824
15757 5825
15760 5826
5780 5827
14695 5828
19980 5829
18635 5830
15792 5831
15795 5832
15794 5833
15805 5834
18392 5835
15828 5836
15829 5837
15127 5838
15128 5839
22458 5840
15831 5841
15834 5842
23017 5843
22196 5844
15851 5845
11275 5846
15857 5847
15858 5848
20793 5849
1938 5850
20637 5851
20636 5852
20388 5853
15864 5854
15879 5855
15877 5856
15880 5857
3847 5858
20360 5859
15891 5860
18169 5861
15898 5862
18607 5863
15903 5864
15904 5865
15905 5866
15907 5867
9402 5868
15910 5869
21326 5870
15972 5871
10272 5872
15973 5873
20107 5874
1975 5875
4257 5876
8808 5877
19196 5878
15978 5879
19303 5880
15979 5881
15982 5882
15983 5883
14783 5884
2983 5885
16047 5886
17140 5887
16097 5888
16100 5889
16108 5890
16111 5891
16109 5892
16115 5893
22002 5894
18225 5895
21121 5896
16125 5897
16154 5898
6324 5899
9185 5900
14601 5901
14985 5902
18146 5903
16170 5904
16174 5905
16175 5906
16176 5907
16189 5908
1760 5909
16193 5910
16227 5911
8276 5912
16247 5913
16255 5914
16254 5915
16266 5916
16277 5917
21473 5918
16281 5919
16283 5920
16282 5921
16284 5922
16296 5923
22143 5924
22146 5925
22145 5926
22417 5927
16316 5928
16353 5929
16371 5930
16392 5931
16414 5932
16415 5933
16416 5934
16418 5935
16419 5936
7243 5937
16428 5938
16429 5939
16433 5940
16446 5941
16457 5942
12921 5943
16459 5944
16460 5945
16483 5946
175 5947
16489 5948
16503 5949
16506 5950
16514 5951
19985 5952
16520 5953
16522 5954
16544 5955
19844 5956
16546 5957
16549 5958
16552 5959
12056 5960
23912 5961
16564 5962
16565 5963
16567 5964
24232 5965
24235 5966
18627 5967
18628 5968
24350 5969
16569 5970
16570 5971
16571 5972
17348 5973
16575 5974
7690 5975
16796 5976
21077 5977
23954 5978
16577 5979
10250 5980
17789 5981
16578 5982
16579 5983
16580 5984
16585 5985
16589 5986
16592 5987
16602 5988
16604 5989
16605 5990
16611 5991
17645 5992
19103 5993
20041 5994
16657 5995
9763 5996
19227 5997
23130 5998
21859 5999
14757 6000
14758 6001
24508 6002
16724 6003
20963 6004
16736 6005
16748 6006
16754 6007
16770 6008
16771 6009
2424 6010
23429 6011
18056 6012
16787 6013
16794 6014
16801 6015
22263 6016
16802 6017
16806 6018
16809 6019
23136 6020
16812 6021
16819 6022
16820 6023
22920 6024
16823 6025
16839 6026
16852 6027
21118 6028
16872 6029
16873 6030
16875 6031
15867 6032
16913 6033
16914 6034
16961 6035
16975 6036
16984 6037
6630 6038
16996 6039
17020 6040
17022 6041
18879 6042
17045 6043
17048 6044
17058 6045
17060 6046
17064 6047
17073 6048
4486 6049
11591 6050
17078 6051
17110 6052
17111 6053
19943 6054
17115 6055
17118 6056
51 6057
17119 6058
17127 6059
17149 6060
17150 6061
17151 6062
17237 6063
17252 6064
17255 6065
17265 6066
17269 6067
17270 6068
17273 6069
17322 6070
17323 6071
17331 6072
15412 6073
17335 6074
24807 6075
17370 6076
17379 6077
17394 6078
17396 6079
17402 6080
17404 6081
17408 6082
5401 6083
17412 6084
17413 6085
17435 6086
17453 6087
1686 6088
17461 6089
17475 6090
17477 6091
17484 6092
17492 6093
17512 6094
18030 6095
15579 6096
17556 6097
17555 6098
17557 6099
17574 6100
1415 6101
7531 6102
18602 6103
17578 6104
10197 6105
17597 6106
17606 6107
18527 6108
18528 6109
17628 6110
13933 6111
17631 6112
17636 6113
17674 6114
17675 6115
17706 6116
5920 6117
17707 6118
17708 6119
12475 6120
17709 6121
14072 6122
17716 6123
17722 6124
19000 6125
17760 6126
17776 6127
17777 6128
17781 6129
17782 6130
17804 6131
4817 6132
17820 6133
17821 6134
13423 6135
17824 6136
22044 6137
17837 6138
17847 6139
17849 6140
17865 6141
17867 6142
24506 6143
24507 6144
24515 6145
14759 6146
1273 6147
17885 6148
186 6149
7133 6150
21433 6151
17920 6152
17936 6153
17952 6154
12278 6155
17953 6156
17960 6157
17961 6158
17966 6159
837 6160
4628 6161
18592 6162
22303 6163
24791 6164
17999 6165
18017 6166
10623 6167
20533 6168
18101 6169
10375 6170
24176 6171
18118 6172
18123 6173
18131 6174
18140 6175
18142 6176
18143 6177
18149 6178
18165 6179
18166 6180
24764 6181
18190 6182
18224 6183
1573 6184
18253 6185
18254 6186
18261 6187
18283 6188
18291 6189
1213 6190
18315 6191
18650 6192
18329 6193
18330 6194
18332 6195
18334 6196
13322 6197
18344 6198
18342 6199
10060 6200
18369 6201
18370 6202
18395 6203
18399 6204
4417 6205
18404 6206
18407 6207
3806 6208
18413 6209
18882 6210
19004 6211
18449 6212
18455 6213
18459 6214
11252 6215
18460 6216
18461 6217
18473 6218
18477 6219
18480 6220
18488 6221
18516 6222
18517 6223
18519 6224
18524 6225
18526 6226
18529 6227
18531 6228
23902 6229
10611 6230
18549 6231
18552 6232
11652 6233
18562 6234
18567 6235
18583 6236
18584 6237
18587 6238
18612 6239
22588 6240
3545 6241
11138 6242
23232 6243
3547 6244
18638 6245
18645 6246
18648 6247
18653 6248
18665 6249
6396 6250
12924 6251
21611 6252
18709 6253
18713 6254
19653 6255
21728 6256
18749 6257
18751 6258
18754 6259
18759 6260
18764 6261
18766 6262
18765 6263
18767 6264
18783 6265
18813 6266
18819 6267
11225 6268
18820 6269
11222 6270
18823 6271
18821 6272
18822 6273
11226 6274
18850 6275
18849 6276
22724 6277
18851 6278
18856 6279
18857 6280
18859 6281
18880 6282
18884 6283
18893 6284
18896 6285
11469 6286
9534 6287
10145 6288
18934 6289
18950 6290
18953 6291
14617 6292
18998 6293
2233 6294
19021 6295
19030 6296
19031 6297
19007 6298
19008 6299
19010 6300
19020 6301
19017 6302
19025 6303
19018 6304
19026 6305
19015 6306
19029 6307
13246 6308
19034 6309
19023 6310
19044 6311
10729 6312
17143 6313
18600 6314
19064 6315
19070 6316
19087 6317
19111 6318
18493 6319
23633 6320
19125 6321
19137 6322
19138 6323
19201 6324
19214 6325
19215 6326
19224 6327
19226 6328
19233 6329
19234 6330
19261 6331
19265 6332
19283 6333
1727 6334
19290 6335
19304 6336
19314 6337
19315 6338
19317 6339
19319 6340
19332 6341
19341 6342
19359 6343
2104 6344
19360 6345
19371 6346
19379 6347
467 6348
4211 6349
6997 6350
19380 6351
19381 6352
21303 6353
19414 6354
21304 6355
19415 6356
19416 6357
19417 6358
19457 6359
19485 6360
19488 6361
19505 6362
19526 6363
19527 6364
19535 6365
1025 6366
19560 6367
19564 6368
19565 6369
19591 6370
19619 6371
19627 6372
9221 6373
15402 6374
1759 6375
14982 6376
759 6377
19654 6378
19658 6379
6392 6380
19662 6381
6102 6382
19708 6383
20459 6384
19748 6385
11316 6386
19788 6387
22688 6388
19819 6389
19836 6390
19838 6391
19841 6392
19861 6393
23036 6394
19876 6395
19878 6396
19879 6397
19882 6398
19877 6399
20018 6400
19893 6401
19915 6402
19916 6403
19918 6404
3644 6405
19920 6406
5360 6407
15914 6408
20466 6409
19921 6410
19922 6411
19917 6412
19931 6413
24682 6414
19942 6415
19956 6416
22661 6417
22662 6418
19974 6419
19486 6420
19975 6421
19982 6422
19976 6423
19981 6424
20243 6425
19984 6426
19986 6427
19988 6428
19989 6429
20012 6430
20013 6431
20024 6432
20027 6433
20031 6434
20040 6435
18265 6436
16837 6437
20045 6438
20065 6439
20075 6440
20076 6441
20098 6442
20101 6443
20108 6444
20123 6445
20132 6446
24824 6447
18692 6448
5256 6449
20175 6450
20186 6451
20185 6452
20189 6453
20192 6454
20212 6455
4409 6456
20220 6457
20222 6458
20223 6459
20250 6460
19295 6461
16968 6462
20282 6463
23517 6464
20290 6465
20312 6466
20318 6467
20331 6468
20332 6469
20353 6470
20366 6471
20371 6472
20377 6473
20379 6474
20380 6475
11082 6476
24673 6477
20428 6478
9715 6479
11118 6480
20455 6481
20457 6482
20461 6483
4502 6484
12427 6485
20489 6486
12160 6487
21663 6488
20507 6489
20509 6490
4761 6491
20510 6492
20513 6493
20521 6494
20530 6495
20541 6496
12022 6497
12900 6498
2942 6499
20589 6500
20591 6501
20592 6502
20593 6503
20594 6504
20620 6505
20641 6506
20640 6507
20642 6508
20646 6509
20668 6510
20698 6511
20710 6512
20719 6513
20722 6514
20727 6515
10028 6516
20733 6517
20736 6518
22618 6519
20756 6520
20757 6521
9809 6522
16533 6523
24397 6524
24417 6525
20797 6526
14545 6527
24615 6528
20812 6529
23869 6530
20842 6531
20841 6532
20843 6533
20844 6534
20854 6535
20855 6536
20857 6537
20889 6538
21185 6539
20897 6540
20898 6541
20900 6542
20902 6543
20920 6544
20921 6545
20941 6546
10222 6547
23408 6548
20953 6549
20954 6550
20977 6551
3520 6552
14309 6553
10038 6554
6307 6555
2501 6556
5015 6557
22099 6558
21091 6559
21138 6560
21151 6561
21152 6562
4793 6563
21155 6564
21157 6565
21158 6566
21159 6567
21175 6568
21182 6569
21183 6570
21199 6571
1741 6572
21211 6573
21212 6574
21219 6575
21254 6576
21260 6577
21261 6578
6876 6579
21265 6580
21266 6581
21268 6582
21277 6583
24491 6584
21292 6585
21293 6586
21294 6587
21295 6588
21315 6589
21316 6590
16632 6591
21317 6592
18872 6593
21320 6594
21345 6595
19517 6596
21365 6597
21382 6598
2301 6599
21426 6600
2310 6601
21445 6602
21446 6603
21448 6604
21449 6605
15943 6606
21484 6607
21486 6608
21485 6609
21488 6610
21490 6611
21530 6612
21525 6613
21844 6614
21565 6615
21571 6616
21572 6617
21574 6618
21589 6619
24781 6620
21639 6621
21650 6622
21651 6623
21655 6624
21654 6625
21656 6626
21661 6627
18210 6628
21665 6629
11096 6630
21693 6631
7231 6632
21702 6633
21704 6634
15303 6635
21713 6636
21730 6637
21752 6638
21767 6639
21779 6640
21786 6641
10682 6642
1519 6643
3919 6644
15102 6645
21835 6646
21838 6647
19349 6648
21855 6649
21861 6650
21872 6651
21878 6652
21887 6653
21898 6654
21899 6655
24309 6656
21966 6657
21967 6658
4973 6659
21968 6660
21982 6661
22000 6662
22015 6663
22016 6664
22032 6665
22033 6666
22034 6667
22047 6668
22056 6669
22082 6670
22153 6671
22164 6672
22194 6673
15989 6674
23756 6675
22212 6676
22129 6677
22220 6678
19723 6679
22235 6680
5975 6681
17711 6682
22306 6683
22323 6684
4481 6685
22336 6686
22374 6687
22375 6688
22381 6689
22388 6690
22389 6691
22399 6692
18310 6693
22429 6694
24751 6695
22432 6696
22434 6697
22499 6698
22544 6699
22554 6700
22582 6701
22593 6702
22607 6703
22609 6704
23659 6705
22626 6706
22646 6707
22663 6708
22664 6709
22673 6710
22676 6711
22677 6712
22701 6713
22702 6714
22706 6715
3832 6716
22711 6717
22708 6718
22714 6719
22718 6720
22732 6721
22730 6722
22733 6723
20066 6724
22774 6725
22775 6726
22777 6727
5782 6728
10518 6729
22785 6730
9060 6731
20729 6732
18643 6733
24900 6734
22844 6735
22846 6736
22845 6737
22847 6738
22867 6739
22885 6740
22887 6741
22890 6742
22901 6743
22939 6744
22951 6745
5511 6746
11127 6747
16908 6748
22957 6749
22978 6750
23033 6751
23034 6752
5213 6753
14464 6754
16502 6755
23080 6756
23081 6757
23099 6758
23187 6759
23219 6760
23221 6761
23222 6762
23223 6763
2040 6764
23225 6765
5079 6766
23226 6767
23248 6768
23249 6769
23255 6770
23260 6771
23283 6772
23302 6773
23301 6774
23335 6775
23336 6776
23341 6777
23360 6778
23363 6779
23392 6780
23399 6781
23415 6782
23430 6783
23431 6784
2999 6785
19181 6786
8091 6787
23458 6788
23472 6789
23482 6790
5092 6791
23500 6792
8516 6793
23534 6794
2311 6795
23550 6796
23555 6797
10030 6798
23565 6799
23568 6800
14433 6801
23581 6802
23589 6803
23595 6804
23619 6805
23623 6806
23624 6807
1500 6808
1502 6809
23625 6810
23632 6811
23663 6812
23668 6813
1670 6814
23670 6815
23671 6816
23693 6817
23697 6818
23713 6819
23714 6820
13151 6821
13152 6822
23715 6823
23746 6824
23747 6825
23781 6826
13783 6827
23787 6828
23788 6829
23789 6830
23798 6831
23823 6832
23824 6833
23826 6834
1275 6835
23859 6836
5682 6837
17250 6838
23879 6839
23899 6840
23903 6841
23951 6842
1111 6843
23987 6844
24019 6845
24032 6846
14551 6847
18147 6848
24053 6849
14129 6850
24072 6851
24080 6852
24083 6853
16974 6854
24098 6855
24100 6856
24114 6857
24118 6858
24121 6859
24129 6860
24150 6861
9810 6862
24165 6863
24166 6864
24196 6865
24198 6866
24199 6867
24201 6868
24238 6869
24243 6870
24244 6871
1051 6872
15623 6873
24269 6874
9355 6875
24270 6876
24291 6877
24318 6878
24320 6879
24343 6880
24348 6881
24128 6882
24352 6883
24358 6884
24361 6885
24376 6886
24378 6887
24381 6888
24388 6889
23916 6890
24415 6891
23329 6892
24434 6893
24439 6894
24483 6895
24597 6896
24598 6897
24600 6898
24606 6899
24614 6900
24649 6901
24651 6902
24664 6903
24683 6904
24699 6905
24711 6906
24722 6907
19147 6908
24725 6909
24730 6910
24736 6911
13101 6912
24742 6913
24760 6914
24767 6915
24774 6916
10837 6917
24784 6918
24792 6919
8107 6920
8815 6921
14589 6922
24818 6923
12567 6924
24819 6925
24823 6926
24850 6927
17864 6928
24861 6929
24897 6930
18426 6931
24901 6932
23441 6933
24919 6934
24923 6935
24924 6936
10419 6937
24935 6938
13298 6939
24939 6940
20491 6941
24957 6942
6957 6943
24968 6944
19446 6945
11503 6946
4234 6947
24983 6948
24984 6949
1852 6950
