0 1 
0 2 
1 3 
1 4 
1 5 
1 6 
3 7 
3 8 
3 9 
4 9 
4 10 
5 10 
7 15 
7 16 
7 17 
8 17 
8 20 
9 21 
9 22 
9 23 
9 24 
10 24 
11 12 
11 13 
13 25 
14 15 
15 25 
15 26 
15 27 
16 27 
16 28 
17 18 
17 19 
17 29 
20 29 
23 32 
23 33 
23 34 
24 36 
24 37 
24 38 
25 38 
25 39 
26 39 
28 40 
29 40 
29 41 
29 42 
30 31 
30 32 
31 42 
31 43 
32 43 
32 44 
32 45 
33 45 
33 46 
33 47 
33 48 
33 49 
34 35 
34 49 
34 50 
35 36 
36 50 
37 50 
38 50 
38 51 
38 52 
38 53 
38 54 
39 54 
42 54 
45 54 
45 55 
45 56 
45 57 
46 57 
46 58 
46 59 
47 59 
47 60 
47 61 
48 64 
49 65 
49 66 
49 67 
50 67 
50 68 
51 69 
52 69 
53 69 
54 69 
54 70 
54 71 
54 72 
55 72 
56 72 
57 72 
57 73 
58 73 
59 73 
60 73 
61 62 
61 73 
62 63 
63 73 
64 73 
64 74 
65 74 
67 74 
68 74 
69 74 
70 74 
71 74 
72 74 
73 74 
74 75 
