0 1 
0 2 
0 3 
1 14 
1 15 
1 16 
1 17 
1 18 
2 22 
2 23 
2 24 
2 25 
3 25 
4 5 
5 29 
6 7 
6 8 
7 30 
7 31 
8 9 
8 10 
8 31 
8 32 
8 33 
10 11 
10 12 
10 13 
10 14 
11 33 
12 33 
12 34 
14 37 
14 38 
15 39 
15 40 
18 19 
18 42 
18 43 
20 21 
21 45 
21 46 
22 46 
22 47 
23 48 
23 49 
25 26 
25 50 
26 27 
27 28 
27 51 
27 52 
27 53 
27 54 
29 54 
29 56 
30 57 
30 58 
31 59 
33 60 
34 68 
34 69 
34 70 
34 71 
35 36 
36 86 
36 87 
36 88 
37 88 
38 92 
39 92 
39 93 
39 94 
40 41 
40 94 
40 95 
40 96 
42 96 
42 97 
42 98 
42 99 
43 44 
43 99 
43 100 
45 101 
45 102 
46 103 
48 105 
49 105 
49 106 
49 107 
49 108 
50 108 
51 108 
52 108 
52 109 
53 110 
54 55 
54 110 
54 111 
56 113 
56 114 
57 114 
58 114 
59 114 
59 116 
60 116 
61 62 
61 63 
62 116 
62 117 
62 118 
62 119 
63 64 
65 66 
66 67 
66 119 
66 120 
66 121 
66 122 
66 123 
66 124 
66 125 
67 68 
68 128 
68 129 
68 130 
68 131 
69 131 
69 132 
70 132 
70 133 
70 134 
72 73 
72 74 
72 75 
72 76 
75 134 
75 136 
76 77 
76 137 
78 79 
79 80 
79 81 
81 82 
82 83 
82 138 
82 139 
82 140 
84 85 
84 86 
85 140 
86 140 
86 141 
86 142 
87 142 
88 89 
88 142 
88 143 
89 90 
90 91 
90 144 
90 145 
90 146 
90 147 
92 147 
92 148 
92 149 
94 150 
95 150 
96 151 
98 151 
98 152 
99 152 
99 153 
101 153 
101 154 
102 154 
103 104 
103 154 
105 154 
106 154 
108 155 
109 155 
111 112 
111 155 
113 156 
114 115 
116 156 
118 156 
119 175 
120 175 
120 176 
120 177 
120 178 
121 178 
121 179 
122 181 
122 182 
123 182 
123 183 
123 184 
123 185 
123 186 
123 187 
123 188 
123 189 
124 189 
124 190 
124 191 
124 192 
124 193 
125 193 
125 195 
125 196 
126 127 
126 128 
127 196 
128 196 
128 197 
129 197 
129 198 
129 199 
129 200 
129 201 
130 202 
131 204 
131 205 
131 206 
131 207 
131 208 
131 209 
132 209 
133 209 
134 135 
134 209 
134 210 
134 211 
136 211 
137 211 
138 212 
138 213 
140 213 
140 215 
142 215 
142 216 
142 217 
143 217 
144 217 
144 219 
145 220 
146 220 
146 223 
147 223 
148 223 
149 223 
150 223 
150 225 
151 225 
151 226 
152 226 
153 226 
154 226 
154 227 
154 228 
155 228 
155 230 
155 231 
155 232 
155 233 
156 157 
156 158 
156 233 
156 234 
156 235 
158 159 
159 160 
159 161 
159 235 
159 236 
161 162 
161 163 
161 164 
161 165 
161 166 
162 236 
163 236 
164 236 
165 236 
165 238 
166 167 
166 238 
166 239 
166 240 
166 241 
167 168 
168 169 
168 170 
168 241 
168 242 
168 243 
168 244 
170 171 
170 172 
170 173 
170 174 
170 175 
171 244 
173 244 
173 245 
174 245 
175 245 
175 246 
175 247 
175 248 
175 249 
176 249 
177 249 
178 249 
178 250 
180 181 
181 250 
182 250 
182 251 
182 252 
185 252 
185 253 
185 254 
186 254 
186 256 
187 257 
189 258 
189 259 
189 260 
189 261 
190 261 
190 262 
191 262 
192 262 
192 263 
193 194 
193 263 
193 264 
193 265 
193 266 
196 266 
196 267 
196 268 
197 268 
197 269 
198 269 
198 270 
199 270 
200 270 
203 204 
204 270 
205 270 
206 271 
208 271 
209 271 
210 271 
211 271 
211 272 
212 272 
213 214 
213 272 
217 218 
217 274 
217 275 
217 276 
219 276 
220 221 
220 222 
220 276 
220 277 
220 278 
223 224 
223 278 
223 279 
225 279 
226 279 
227 279 
227 280 
228 229 
228 280 
230 281 
232 281 
233 281 
234 281 
235 281 
235 282 
236 237 
236 282 
238 282 
244 282 
244 283 
248 283 
249 283 
250 284 
251 298 
251 299 
251 300 
251 301 
252 303 
252 304 
252 305 
253 306 
253 307 
253 308 
253 309 
254 255 
254 309 
254 310 
254 311 
254 312 
254 313 
254 314 
256 316 
257 316 
257 318 
257 319 
257 320 
258 320 
258 321 
258 322 
258 323 
259 323 
260 324 
260 325 
260 326 
261 326 
261 327 
261 328 
262 330 
262 332 
262 333 
263 333 
263 334 
263 335 
263 336 
263 337 
265 337 
265 338 
265 339 
266 339 
266 340 
266 341 
267 341 
267 342 
268 342 
268 343 
268 344 
269 344 
269 345 
269 346 
269 347 
269 348 
270 348 
270 349 
270 350 
271 350 
271 351 
271 352 
272 352 
272 353 
273 274 
274 354 
275 354 
275 355 
276 355 
276 356 
277 356 
278 356 
279 356 
279 357 
279 358 
280 358 
280 359 
281 359 
281 360 
282 360 
282 361 
283 361 
283 362 
283 363 
283 364 
284 364 
284 365 
285 286 
286 365 
286 366 
286 367 
286 368 
287 288 
288 289 
288 368 
289 290 
289 291 
289 292 
290 368 
291 368 
292 293 
292 294 
292 295 
292 368 
292 370 
295 296 
296 297 
296 370 
296 371 
296 372 
296 373 
296 374 
296 375 
297 298 
298 375 
299 375 
300 375 
301 302 
301 375 
301 376 
301 377 
301 378 
303 378 
304 378 
304 379 
305 379 
306 379 
306 380 
307 380 
307 381 
307 382 
308 383 
308 384 
309 384 
309 385 
311 385 
312 385 
313 385 
314 315 
315 316 
316 317 
316 385 
318 386 
319 386 
320 386 
321 386 
322 386 
323 386 
323 387 
323 388 
323 389 
323 390 
324 390 
325 390 
325 391 
326 391 
327 391 
328 329 
328 392 
329 330 
330 331 
330 392 
330 393 
332 393 
332 394 
333 394 
334 394 
334 395 
334 396 
335 396 
336 396 
337 396 
337 397 
337 398 
338 398 
339 398 
339 399 
340 399 
341 399 
342 399 
343 399 
343 400 
344 400 
345 400 
345 402 
347 402 
347 403 
348 403 
349 403 
350 403 
350 404 
351 404 
352 404 
353 404 
354 405 
355 405 
356 405 
356 406 
357 406 
358 406 
358 407 
359 408 
360 408 
361 408 
363 408 
363 409 
364 409 
365 409 
367 409 
368 369 
368 409 
370 409 
373 409 
375 409 
376 409 
377 409 
378 409 
378 410 
379 410 
383 410 
384 410 
385 410 
385 411 
386 413 
388 413 
389 413 
390 413 
391 413 
393 413 
394 413 
396 413 
398 413 
399 413 
400 401 
400 413 
404 413 
406 413 
411 413 
412 413 
