0 1 
0 2 
0 3 
0 4 
0 5 
1 17 
1 18 
2 20 
2 21 
2 22 
3 23 
3 24 
3 25 
3 26 
4 26 
4 28 
4 29 
4 30 
5 6 
5 30 
5 31 
5 32 
6 7 
6 8 
6 9 
7 32 
7 33 
7 34 
8 34 
8 35 
9 35 
9 36 
10 11 
11 12 
11 36 
11 37 
13 14 
13 15 
13 16 
13 17 
15 37 
15 38 
16 39 
16 40 
17 40 
17 41 
18 19 
18 42 
18 43 
19 20 
20 44 
20 45 
21 45 
22 45 
22 46 
22 47 
22 48 
22 49 
23 52 
23 53 
24 54 
24 55 
25 55 
25 56 
25 57 
25 58 
25 59 
26 27 
26 59 
28 59 
28 60 
28 61 
29 61 
30 61 
30 62 
31 62 
32 62 
32 63 
33 63 
34 63 
35 64 
35 65 
36 65 
37 65 
38 65 
40 65 
40 66 
42 66 
43 66 
44 66 
45 66 
46 66 
46 68 
46 69 
46 70 
47 70 
48 70 
48 71 
48 72 
49 50 
49 72 
50 51 
50 52 
51 73 
52 73 
52 74 
52 75 
53 75 
53 76 
54 78 
54 79 
55 79 
56 80 
57 80 
58 80 
59 80 
59 81 
60 81 
61 81 
62 81 
62 83 
63 83 
65 83 
66 67 
66 83 
66 84 
69 84 
70 84 
72 88 
73 88 
73 89 
74 89 
74 90 
75 90 
76 90 
77 78 
78 90 
79 91 
79 92 
80 93 
81 82 
81 93 
83 93 
84 93 
85 86 
86 87 
86 93 
87 88 
88 93 
89 93 
