0 1 
0 5 
0 19 
0 9 
0 45 
0 13 
0 15 
0 2 
0 272 
1 2 
1 13 
1 17 
1 22 
1 36 
1 40 
1 272 
1 15 
1 5 
2 3 
2 5 
2 26 
2 44 
2 289 
2 9 
3 4 
3 12 
3 33 
3 38 
3 39 
3 46 
3 534 
3 553 
3 554 
3 112 
4 84 
4 798 
5 6 
5 9 
5 20 
5 23 
5 30 
5 36 
5 50 
5 45 
5 42 
6 7 
6 48 
6 547 
6 135 
7 8 
7 287 
7 288 
7 704 
7 571 
8 263 
8 262 
8 51 
8 559 
8 284 
8 991 
9 10 
9 28 
9 42 
9 118 
9 179 
9 419 
9 420 
9 123 
9 133 
9 481 
9 143 
9 292 
10 11 
11 159 
11 45 
11 1088 
12 126 
13 14 
13 47 
13 50 
13 48 
13 298 
14 15 
14 25 
14 184 
15 16 
15 52 
15 19 
15 157 
15 785 
15 320 
16 156 
16 157 
16 712 
17 18 
17 19 
17 32 
17 187 
17 26 
18 21 
18 486 
18 615 
18 809 
18 897 
18 983 
19 76 
19 77 
19 78 
19 150 
19 67 
19 709 
19 121 
20 21 
20 34 
20 894 
20 895 
21 22 
21 434 
21 288 
22 784 
22 883 
22 720 
22 894 
22 1090 
23 24 
23 131 
23 49 
23 283 
23 298 
23 48 
23 491 
23 543 
23 80 
23 156 
23 157 
23 155 
23 1213 
24 25 
24 29 
24 528 
24 529 
25 93 
25 270 
25 340 
25 494 
25 712 
25 156 
25 910 
26 27 
26 164 
26 187 
26 288 
26 714 
26 711 
26 796 
26 43 
26 909 
26 910 
26 684 
27 164 
27 796 
28 42 
28 45 
29 164 
29 156 
30 31 
31 32 
32 48 
33 100 
33 101 
33 113 
33 115 
33 81 
33 160 
33 188 
33 190 
33 191 
33 424 
33 425 
33 428 
33 112 
33 46 
33 65 
33 102 
33 108 
34 35 
34 151 
34 190 
34 325 
35 107 
35 823 
35 150 
35 108 
36 37 
36 118 
37 152 
37 183 
37 118 
37 296 
37 383 
37 732 
37 947 
40 41 
40 118 
40 325 
42 43 
42 45 
42 166 
42 290 
42 291 
42 573 
42 435 
42 271 
42 187 
42 1089 
42 711 
42 829 
43 109 
43 175 
43 576 
43 411 
43 207 
43 785 
43 147 
43 791 
43 45 
43 801 
43 806 
43 527 
43 536 
43 808 
43 435 
43 821 
43 829 
43 288 
43 836 
43 842 
43 968 
44 45 
45 49 
45 50 
45 48 
45 124 
45 133 
45 90 
45 420 
45 734 
45 175 
45 793 
45 171 
45 126 
46 82 
46 83 
46 194 
46 275 
46 65 
46 424 
46 119 
46 51 
46 469 
46 472 
46 476 
46 124 
46 81 
46 481 
46 487 
46 97 
46 162 
46 536 
46 656 
46 671 
46 126 
46 840 
47 48 
48 49 
48 272 
48 433 
48 184 
48 434 
48 435 
48 50 
49 184 
49 50 
49 565 
49 272 
49 729 
49 730 
49 792 
49 434 
50 51 
50 271 
50 272 
50 490 
50 434 
50 113 
50 562 
51 62 
51 75 
51 80 
51 134 
51 262 
51 167 
51 265 
51 119 
51 133 
51 123 
51 275 
51 124 
51 126 
51 147 
51 285 
51 290 
51 294 
51 295 
51 127 
51 581 
51 136 
51 269 
51 469 
51 271 
51 969 
51 1012 
51 453 
51 736 
52 53 
52 67 
52 68 
52 74 
52 101 
52 786 
52 827 
52 828 
52 1094 
53 94 
53 95 
53 144 
53 115 
53 92 
53 149 
53 101 
53 170 
53 109 
53 821 
54 55 
54 1075 
55 56 
55 904 
55 905 
55 852 
55 932 
55 1078 
55 903 
56 57 
56 393 
56 394 
56 631 
57 58 
57 756 
57 932 
58 59 
58 934 
59 60 
59 1184 
60 282 
60 359 
60 653 
60 715 
60 999 
60 1001 
60 355 
61 62 
61 69 
61 87 
61 113 
61 61 
61 65 
61 302 
61 422 
61 665 
61 707 
62 63 
62 81 
62 97 
62 119 
62 125 
62 134 
62 1050 
63 64 
63 81 
63 422 
63 82 
63 664 
63 666 
63 88 
64 65 
64 140 
64 541 
64 113 
64 574 
65 66 
65 117 
65 181 
65 423 
65 71 
65 113 
65 72 
65 81 
65 567 
65 580 
66 67 
66 111 
66 110 
66 114 
66 108 
66 508 
66 112 
66 71 
66 674 
66 675 
66 551 
67 76 
67 85 
67 86 
67 92 
67 107 
67 131 
67 108 
67 171 
67 172 
67 211 
67 219 
67 253 
67 423 
67 189 
67 140 
67 147 
67 115 
67 787 
67 788 
67 710 
67 813 
67 1058 
67 1148 
67 1195 
67 814 
67 132 
67 1214 
67 72 
68 146 
68 148 
68 786 
69 70 
69 140 
69 1050 
70 71 
70 109 
70 662 
70 663 
70 674 
70 1050 
71 72 
71 109 
71 110 
71 114 
71 141 
71 492 
71 112 
71 423 
71 478 
71 200 
71 140 
71 78 
71 807 
71 145 
72 73 
72 77 
72 86 
72 94 
72 153 
72 185 
72 423 
72 508 
72 525 
72 101 
72 524 
72 821 
72 144 
73 74 
73 109 
74 93 
74 488 
74 118 
74 842 
74 843 
74 844 
74 109 
75 262 
75 594 
75 655 
75 80 
75 543 
76 115 
76 101 
76 112 
77 109 
78 79 
78 151 
78 167 
78 182 
78 551 
78 552 
78 572 
78 616 
78 537 
78 104 
80 277 
80 265 
80 280 
80 286 
80 262 
80 686 
80 688 
81 82 
81 100 
81 105 
81 119 
81 300 
81 421 
81 103 
81 88 
81 807 
81 1050 
81 97 
81 145 
82 119 
82 472 
82 469 
82 670 
83 84 
83 420 
83 472 
84 167 
85 319 
85 395 
85 411 
85 204 
85 847 
85 976 
85 981 
85 1016 
85 172 
85 322 
85 1115 
87 88 
87 96 
87 139 
88 89 
88 99 
88 189 
88 192 
88 297 
88 430 
88 426 
88 109 
88 536 
88 120 
88 654 
88 656 
88 657 
88 661 
88 266 
88 663 
88 664 
88 665 
88 666 
88 161 
88 707 
88 736 
88 839 
89 90 
89 133 
89 431 
89 124 
89 482 
89 160 
90 91 
90 137 
90 138 
90 143 
90 145 
90 426 
90 99 
90 100 
90 434 
91 160 
91 133 
91 124 
92 93 
92 568 
92 1051 
93 95 
93 156 
93 806 
93 616 
93 827 
93 164 
94 200 
94 494 
94 109 
94 1051 
95 148 
95 150 
95 115 
96 274 
96 426 
96 189 
96 700 
97 98 
97 501 
98 162 
98 276 
98 427 
99 133 
99 160 
99 124 
99 434 
99 265 
99 655 
99 106 
99 665 
100 430 
100 286 
100 731 
101 102 
101 149 
101 108 
101 153 
101 155 
101 162 
101 170 
101 115 
101 199 
101 112 
101 656 
101 815 
101 1018 
102 103 
102 112 
102 163 
102 180 
102 107 
103 104 
103 112 
103 117 
103 423 
104 168 
104 128 
104 167 
104 377 
104 569 
104 127 
104 727 
104 728 
104 841 
104 931 
105 106 
105 123 
105 161 
105 124 
106 570 
106 665 
106 699 
107 108 
107 110 
107 147 
107 112 
107 840 
108 115 
108 169 
108 112 
108 201 
108 410 
108 578 
108 675 
108 730 
108 150 
108 823 
108 111 
108 537 
108 839 
108 840 
109 131 
109 170 
109 175 
109 576 
109 683 
109 147 
109 843 
109 829 
109 1116 
109 1129 
112 130 
112 140 
112 142 
112 115 
112 193 
112 299 
112 535 
112 541 
112 550 
112 553 
112 555 
112 118 
112 296 
112 569 
112 194 
112 429 
112 112 
113 492 
113 301 
115 116 
115 123 
115 136 
115 148 
115 170 
115 171 
115 427 
115 424 
115 1121 
116 117 
117 118 
117 429 
117 1004 
117 735 
118 151 
118 294 
118 469 
118 473 
118 290 
118 528 
119 120 
119 265 
119 286 
119 657 
120 121 
120 122 
120 543 
120 558 
120 298 
120 657 
120 689 
120 269 
121 134 
121 783 
121 466 
121 990 
121 689 
121 1013 
122 184 
122 283 
122 433 
123 124 
123 273 
123 262 
123 134 
123 190 
123 434 
123 736 
124 570 
124 136 
125 126 
125 657 
125 528 
125 469 
125 488 
125 434 
126 127 
126 472 
126 681 
126 469 
127 128 
127 672 
128 129 
128 167 
128 511 
129 510 
130 510 
131 132 
131 843 
133 265 
133 143 
133 160 
133 665 
133 426 
133 706 
134 135 
134 263 
134 267 
134 283 
134 423 
134 597 
134 536 
134 735 
134 855 
134 856 
134 1006 
134 626 
134 1105 
134 967 
134 1225 
134 677 
135 280 
135 465 
135 503 
135 517 
135 453 
135 659 
135 262 
135 397 
135 710 
135 686 
135 596 
135 1014 
136 194 
136 265 
136 665 
136 701 
137 160 
138 160 
138 143 
139 274 
139 426 
139 192 
139 700 
140 428 
141 142 
142 825 
142 428 
143 419 
143 160 
144 145 
144 147 
144 200 
144 201 
144 549 
144 821 
144 1133 
145 146 
145 154 
145 421 
145 422 
145 550 
145 551 
145 561 
145 824 
145 826 
147 148 
147 299 
147 207 
147 821 
147 822 
147 823 
147 844 
147 967 
147 641 
147 1063 
147 1121 
150 169 
151 152 
152 785 
153 154 
153 524 
154 478 
154 479 
154 497 
154 200 
154 977 
155 800 
156 157 
156 164 
156 165 
156 785 
156 789 
156 790 
156 808 
156 806 
156 819 
156 383 
156 1092 
156 1118 
156 734 
156 506 
157 158 
157 364 
157 527 
157 190 
157 536 
157 1122 
158 159 
159 1089 
160 424 
161 266 
161 293 
161 665 
162 191 
164 781 
164 782 
164 187 
165 166 
166 1092 
167 168 
167 670 
167 820 
167 1091 
167 186 
167 1118 
171 376 
171 377 
171 814 
171 294 
171 1213 
172 173 
172 710 
172 812 
172 186 
172 1128 
172 985 
173 174 
173 601 
173 411 
173 1066 
173 186 
173 1124 
174 178 
174 599 
174 627 
174 704 
174 941 
175 176 
175 411 
175 459 
175 527 
175 186 
175 799 
176 177 
177 178 
178 292 
178 306 
178 322 
178 323 
178 509 
178 602 
178 207 
178 959 
178 186 
179 511 
180 181 
182 183 
184 597 
185 186 
185 195 
185 616 
185 340 
186 395 
186 525 
186 634 
186 960 
186 941 
186 1093 
186 576 
186 791 
186 801 
186 322 
186 1114 
186 842 
186 844 
186 1119 
186 1120 
186 209 
186 796 
186 829 
186 821 
187 288 
187 796 
188 189 
189 190 
189 501 
190 429 
190 790 
190 207 
190 829 
190 1095 
190 1096 
191 192 
193 194 
194 536 
194 265 
194 570 
196 197 
197 198 
197 335 
197 311 
198 199 
198 339 
198 622 
199 200 
199 478 
199 495 
199 812 
199 1018 
200 493 
200 495 
200 496 
200 804 
200 551 
200 825 
202 203 
202 317 
202 311 
203 204 
204 376 
204 561 
204 1022 
205 206 
205 208 
205 473 
205 526 
205 631 
205 404 
205 895 
205 1010 
205 1047 
206 207 
206 894 
206 967 
207 780 
207 291 
207 460 
207 785 
207 782 
208 209 
208 865 
208 894 
208 940 
208 941 
208 361 
209 957 
209 1128 
210 211 
211 212 
211 215 
211 748 
211 750 
211 751 
211 752 
211 753 
211 593 
211 762 
211 765 
211 766 
211 771 
211 773 
211 776 
211 220 
212 213 
212 222 
212 224 
212 228 
212 233 
212 237 
212 239 
212 439 
212 258 
212 216 
212 219 
212 741 
212 769 
212 774 
212 711 
213 214 
213 258 
213 444 
213 238 
213 243 
213 223 
213 257 
213 1034 
213 1037 
214 438 
214 1032 
215 216 
215 219 
215 254 
216 217 
216 252 
216 254 
217 218 
217 220 
217 221 
217 248 
217 249 
217 255 
217 436 
217 440 
217 744 
217 745 
217 260 
217 254 
217 1054 
217 439 
217 251 
217 1061 
219 220 
219 249 
219 259 
219 451 
219 775 
220 250 
220 252 
220 951 
220 952 
220 1005 
220 1006 
220 1060 
220 249 
221 871 
222 223 
222 740 
222 744 
223 441 
223 442 
223 445 
223 251 
223 1042 
223 1055 
224 225 
225 226 
225 227 
225 232 
225 242 
225 244 
225 247 
225 249 
225 446 
228 229 
229 230 
229 260 
229 749 
229 1053 
230 231 
230 450 
230 257 
232 452 
232 889 
233 234 
234 235 
234 260 
234 240 
234 446 
234 741 
234 747 
235 236 
237 238 
237 243 
237 257 
237 590 
237 258 
237 1028 
238 449 
239 240 
240 241 
240 245 
240 246 
240 256 
240 249 
240 451 
243 449 
248 929 
249 251 
249 259 
250 251 
251 253 
251 437 
251 443 
251 761 
251 935 
251 1039 
251 1040 
254 769 
254 1062 
256 1053 
256 1056 
257 449 
257 1031 
257 1033 
257 1036 
257 448 
258 444 
258 737 
258 740 
258 742 
258 754 
258 1034 
259 260 
260 261 
260 436 
260 447 
262 264 
262 465 
262 733 
262 991 
263 723 
265 280 
265 537 
265 577 
266 422 
267 268 
268 269 
269 270 
269 271 
271 543 
273 274 
273 297 
275 276 
277 278 
277 503 
277 504 
278 279 
279 280 
279 606 
279 607 
280 281 
281 282 
281 659 
282 566 
283 284 
284 571 
285 286 
285 323 
285 729 
286 287 
286 483 
286 554 
286 723 
286 732 
288 558 
288 559 
290 520 
290 552 
290 635 
290 692 
291 292 
291 509 
291 667 
291 678 
291 838 
293 422 
294 682 
294 488 
294 813 
295 296 
295 488 
295 489 
295 731 
296 562 
298 435 
298 543 
298 594 
298 571 
298 596 
300 301 
301 302 
303 304 
303 901 
303 902 
303 631 
304 305 
305 458 
305 952 
305 956 
305 1138 
305 1139 
305 1142 
305 392 
305 455 
305 659 
305 898 
305 738 
305 1144 
305 1208 
306 307 
307 604 
307 313 
307 962 
307 386 
307 691 
307 688 
307 1005 
307 1012 
307 963 
307 400 
307 966 
307 867 
308 309 
309 310 
309 628 
310 391 
310 392 
310 619 
310 925 
310 390 
310 616 
310 688 
310 1195 
310 1217 
311 312 
311 317 
311 313 
311 328 
311 335 
311 341 
311 349 
311 382 
311 384 
311 389 
311 342 
311 406 
311 412 
311 531 
311 532 
311 598 
311 319 
311 647 
311 649 
311 650 
311 696 
311 698 
311 850 
311 646 
311 975 
311 344 
311 847 
311 1087 
311 1109 
311 1110 
311 1111 
311 1106 
312 313 
313 314 
313 332 
313 384 
313 385 
313 396 
313 605 
314 315 
314 326 
314 614 
314 402 
314 391 
314 864 
314 863 
314 1174 
315 316 
315 332 
316 471 
317 318 
318 319 
318 396 
318 622 
318 603 
318 993 
318 345 
318 1023 
318 1026 
318 1094 
319 320 
319 382 
320 321 
320 337 
320 1017 
320 1100 
320 1101 
321 322 
321 324 
321 340 
321 383 
321 599 
321 979 
321 339 
323 791 
324 325 
324 576 
325 595 
325 792 
326 327 
327 1172 
327 1083 
327 347 
328 329 
328 342 
329 330 
329 351 
329 352 
330 331 
331 360 
331 1159 
332 333 
332 366 
332 391 
332 617 
332 368 
332 380 
332 1221 
333 334 
333 379 
333 1141 
334 364 
334 368 
334 1201 
334 380 
335 336 
336 337 
336 1082 
336 345 
337 338 
337 847 
338 339 
339 408 
339 479 
339 1015 
339 1016 
339 980 
339 407 
339 847 
341 342 
342 343 
342 356 
342 360 
342 361 
342 364 
342 371 
342 373 
342 402 
343 344 
344 345 
344 396 
344 403 
344 402 
344 989 
345 346 
345 378 
345 994 
345 470 
346 347 
347 348 
347 617 
347 378 
347 402 
348 1083 
349 350 
349 396 
349 1072 
349 788 
349 371 
349 353 
349 400 
350 351 
352 353 
352 360 
352 623 
353 354 
353 370 
353 996 
353 1104 
354 355 
356 357 
357 358 
357 473 
357 474 
357 631 
357 891 
357 892 
357 890 
357 385 
357 371 
357 624 
357 626 
357 970 
357 962 
358 359 
358 1001 
360 603 
360 403 
360 604 
360 1021 
360 928 
360 1074 
360 400 
360 970 
361 362 
361 453 
361 658 
361 669 
362 363 
364 365 
364 429 
364 470 
364 552 
364 620 
364 1221 
365 366 
365 380 
366 367 
366 418 
368 369 
368 391 
368 1193 
369 1099 
370 372 
370 1003 
370 1198 
371 372 
373 374 
373 378 
374 375 
374 994 
374 618 
375 617 
377 620 
377 822 
378 1083 
380 381 
381 516 
382 680 
382 945 
383 620 
385 386 
385 399 
385 400 
385 893 
385 964 
385 1019 
385 892 
385 1107 
386 387 
386 676 
386 677 
386 963 
386 405 
386 400 
386 1071 
387 388 
387 1106 
387 962 
388 733 
388 519 
388 772 
388 1011 
389 390 
390 391 
390 668 
390 392 
390 614 
390 1210 
390 1211 
391 614 
392 393 
392 475 
392 949 
392 1138 
394 632 
396 397 
396 401 
396 621 
396 1027 
396 603 
396 1072 
396 1082 
396 1084 
397 398 
397 708 
397 689 
397 964 
397 1063 
398 399 
400 401 
400 526 
400 638 
400 970 
400 1067 
400 1072 
400 1073 
400 624 
400 628 
400 1079 
400 963 
400 1209 
402 1083 
403 404 
403 615 
403 970 
404 405 
404 684 
404 965 
404 988 
404 989 
404 993 
404 645 
404 1046 
404 1079 
404 1080 
405 644 
405 640 
405 993 
405 1045 
405 894 
405 1013 
406 407 
407 685 
407 1015 
407 1019 
407 1023 
407 1103 
407 1107 
408 409 
408 1101 
408 1102 
409 410 
409 805 
410 496 
410 502 
410 815 
410 980 
412 413 
413 414 
414 415 
414 668 
415 416 
416 417 
423 427 
423 1131 
424 536 
426 432 
426 705 
426 706 
429 469 
429 654 
431 432 
434 482 
434 469 
434 534 
435 543 
436 439 
437 438 
438 442 
440 441 
443 444 
444 445 
447 448 
448 449 
449 450 
449 747 
449 1040 
451 452 
451 747 
451 749 
453 454 
453 652 
454 455 
454 653 
455 456 
455 659 
455 760 
456 457 
457 458 
458 582 
459 460 
459 894 
459 909 
459 992 
459 1120 
460 809 
460 1117 
461 462 
461 757 
461 758 
462 463 
463 464 
464 778 
464 846 
464 1113 
465 466 
465 518 
465 519 
465 548 
465 733 
466 467 
466 468 
466 480 
466 523 
466 533 
467 739 
467 986 
467 1070 
468 739 
468 986 
468 1071 
470 471 
473 676 
474 475 
474 916 
475 613 
475 916 
476 477 
476 493 
477 478 
478 506 
478 524 
478 560 
478 1125 
480 739 
480 986 
480 1071 
483 484 
484 485 
484 562 
485 486 
485 946 
485 947 
486 709 
487 488 
488 489 
488 657 
489 490 
490 797 
494 978 
495 805 
496 976 
497 498 
498 499 
498 506 
498 810 
499 500 
499 505 
499 815 
500 811 
503 607 
505 816 
506 507 
506 512 
506 810 
506 805 
507 817 
510 511 
511 826 
511 828 
512 513 
513 514 
513 516 
514 515 
517 518 
520 521 
520 942 
520 943 
520 1007 
520 1203 
521 522 
521 949 
522 1025 
522 1147 
522 1148 
522 1151 
522 1160 
522 1164 
522 1008 
522 1175 
522 1182 
522 1139 
522 1189 
522 1024 
522 1199 
522 1202 
522 1204 
523 739 
523 986 
523 1070 
529 530 
529 667 
530 531 
530 532 
533 733 
533 739 
533 986 
533 1071 
533 1070 
535 536 
535 577 
536 656 
536 829 
537 538 
538 539 
539 540 
541 542 
542 543 
543 544 
543 557 
543 571 
543 1012 
544 545 
545 546 
545 547 
546 547 
547 548 
547 558 
550 560 
555 556 
556 557 
557 558 
562 563 
562 566 
563 564 
564 565 
564 735 
564 931 
564 1045 
564 865 
565 595 
572 573 
573 829 
573 796 
574 575 
576 789 
577 581 
577 841 
578 579 
578 1090 
583 584 
584 585 
585 586 
585 591 
586 587 
587 588 
588 589 
589 590 
591 592 
592 593 
592 871 
593 1059 
596 597 
597 686 
597 687 
597 728 
600 601 
600 602 
600 616 
600 627 
600 634 
600 893 
600 787 
603 604 
603 608 
603 613 
603 616 
603 614 
603 619 
603 621 
603 628 
603 635 
603 639 
603 645 
603 648 
603 649 
603 650 
603 693 
603 972 
603 1157 
604 614 
605 606 
605 718 
605 936 
605 946 
608 609 
609 610 
610 611 
611 612 
614 848 
614 849 
615 1044 
615 1065 
616 620 
616 1116 
616 1148 
617 618 
617 864 
619 635 
620 678 
620 836 
620 837 
623 624 
624 625 
624 938 
624 939 
624 641 
625 626 
626 939 
626 677 
627 940 
627 893 
628 629 
628 916 
628 942 
628 1075 
629 630 
630 631 
631 933 
632 633 
634 893 
635 636 
635 779 
635 649 
635 650 
635 859 
635 646 
636 637 
637 638 
638 963 
639 640 
640 641 
640 867 
641 642 
641 893 
642 643 
643 644 
645 646 
645 1005 
646 647 
646 779 
646 974 
651 652 
658 738 
658 851 
658 659 
658 881 
658 882 
659 660 
659 759 
659 872 
659 877 
659 878 
659 1143 
660 669 
660 673 
660 703 
661 662 
663 683 
665 666 
667 668 
667 787 
667 1124 
669 716 
669 772 
669 948 
671 672 
678 679 
678 685 
679 680 
681 682 
684 1044 
684 1088 
686 715 
686 716 
688 689 
688 970 
688 894 
688 946 
688 865 
688 963 
689 690 
689 936 
689 729 
689 969 
690 691 
690 735 
691 966 
691 894 
691 990 
691 895 
691 995 
691 1000 
691 1004 
691 1005 
691 1049 
692 693 
694 695 
695 696 
695 697 
695 698 
699 700 
701 702 
702 703 
708 709 
709 782 
710 711 
710 713 
710 729 
710 801 
710 813 
711 712 
711 775 
713 714 
713 734 
716 717 
716 739 
717 718 
718 719 
718 851 
719 720 
719 963 
719 962 
719 1104 
720 721 
720 851 
720 865 
720 961 
720 898 
720 936 
721 722 
723 724 
724 725 
725 726 
725 973 
726 727 
734 844 
734 842 
734 1122 
737 738 
737 880 
737 950 
737 1212 
737 954 
740 761 
740 769 
741 747 
741 1053 
741 775 
742 743 
743 744 
745 746 
746 747 
747 749 
747 1039 
753 775 
754 755 
754 757 
755 756 
755 888 
755 889 
758 759 
760 914 
762 763 
762 767 
763 764 
763 1057 
767 768 
767 770 
767 1057 
769 1055 
771 775 
774 775 
775 776 
777 778 
779 859 
779 849 
779 926 
780 781 
782 783 
782 833 
782 1081 
782 910 
782 1132 
783 784 
785 796 
785 1117 
789 806 
789 1119 
791 1126 
793 794 
794 795 
795 796 
796 1093 
796 829 
797 798 
799 800 
801 802 
802 803 
802 1125 
803 804 
803 810 
804 805 
804 815 
805 813 
815 980 
817 818 
819 820 
824 825 
824 826 
827 1116 
829 830 
829 1052 
829 1123 
830 831 
831 832 
831 1123 
833 834 
834 835 
837 838 
845 846 
847 1024 
847 1206 
847 1207 
848 1167 
848 1174 
849 850 
849 860 
851 852 
851 857 
851 863 
851 875 
851 879 
851 864 
851 898 
851 916 
851 948 
852 853 
852 869 
852 904 
852 934 
853 854 
854 855 
854 1177 
854 1178 
857 858 
857 890 
857 937 
857 957 
858 859 
859 890 
860 861 
861 862 
863 864 
864 970 
865 866 
865 930 
865 931 
865 1142 
866 867 
867 868 
867 966 
867 995 
867 996 
867 1000 
867 1001 
867 1002 
867 1068 
867 1069 
867 1149 
867 1150 
867 1222 
869 870 
870 871 
870 887 
870 900 
870 901 
870 933 
871 929 
871 935 
872 873 
872 911 
873 874 
873 878 
875 876 
875 880 
875 881 
876 877 
878 884 
879 880 
882 883 
884 885 
885 886 
887 888 
890 891 
892 893 
893 945 
893 1066 
893 959 
893 964 
894 895 
894 986 
894 987 
894 1011 
894 1127 
895 896 
895 992 
896 897 
898 899 
898 953 
898 1127 
899 900 
902 903 
902 932 
903 908 
903 1168 
905 906 
905 1156 
905 1140 
906 907 
907 908 
911 912 
912 913 
914 915 
916 917 
916 920 
916 962 
917 918 
918 919 
919 1187 
920 921 
921 922 
922 923 
923 924 
924 925 
926 927 
927 928 
930 931 
936 1224 
937 938 
940 941 
943 944 
943 1008 
944 1200 
946 990 
946 1143 
950 951 
953 954 
953 1212 
953 1216 
954 955 
955 956 
957 958 
957 967 
957 1105 
958 959 
959 960 
959 985 
959 964 
961 962 
962 965 
962 998 
962 1149 
962 1071 
962 1220 
962 1225 
963 1067 
963 1105 
964 984 
964 1066 
964 1048 
967 968 
967 984 
967 1010 
969 973 
970 971 
970 1007 
970 1209 
971 972 
974 975 
975 1137 
976 979 
977 978 
980 981 
982 983 
982 984 
982 985 
983 985 
987 988 
990 1004 
996 997 
997 998 
998 999 
1002 1003 
1005 1012 
1007 1148 
1008 1009 
1008 1169 
1008 1173 
1013 1014 
1013 1048 
1015 1017 
1017 1022 
1019 1020 
1020 1021 
1024 1025 
1026 1027 
1028 1029 
1029 1030 
1029 1035 
1029 1038 
1029 1043 
1031 1032 
1033 1034 
1036 1037 
1040 1041 
1041 1042 
1046 1047 
1048 1049 
1053 1054 
1054 1060 
1056 1057 
1057 1058 
1057 1059 
1061 1062 
1063 1064 
1064 1065 
1067 1068 
1069 1070 
1073 1074 
1075 1076 
1076 1077 
1077 1078 
1080 1081 
1084 1085 
1084 1098 
1084 1099 
1085 1086 
1086 1087 
1090 1091 
1095 1100 
1096 1097 
1097 1098 
1102 1103 
1106 1218 
1106 1222 
1106 1223 
1108 1109 
1108 1110 
1108 1111 
1112 1113 
1114 1115 
1126 1127 
1129 1130 
1134 1135 
1135 1136 
1136 1137 
1139 1140 
1139 1185 
1140 1141 
1140 1145 
1140 1146 
1144 1145 
1146 1147 
1148 1194 
1148 1210 
1151 1152 
1152 1153 
1153 1154 
1154 1155 
1155 1156 
1157 1158 
1158 1159 
1160 1161 
1161 1162 
1162 1163 
1164 1165 
1165 1166 
1166 1167 
1167 1168 
1167 1173 
1169 1170 
1170 1171 
1170 1191 
1171 1172 
1175 1176 
1176 1177 
1178 1179 
1179 1180 
1180 1181 
1180 1196 
1182 1183 
1183 1184 
1183 1197 
1185 1186 
1185 1190 
1185 1194 
1186 1187 
1187 1188 
1189 1190 
1191 1192 
1192 1193 
1192 1201 
1197 1198 
1199 1200 
1202 1203 
1204 1205 
1205 1206 
1207 1208 
1214 1215 
1216 1217 
1218 1219 
1219 1220 
1223 1224 
