Feature => Nodes	Edges	Density	Resilience	Heterogeneity	Power_Law	Modularity

["test","testTrain","corruption","foodweb-baywet","inf-USAir97","moreno_crime_projected",'opsahl-openflights','household','faa','facebook','powergrid','netscience'] 

[[1.70000000e+01 1.70000000e+01 1.25000000e-01 3.30303030e+00 1.23529412e+00 3.21415762e+00 4.48096886e-01 4.29411765e+00 5.00000000e+00 3.00000000e+00 2.92069242e+00 8.91991372e-01 1.46892545e+00]
[5.00000000e+01 1.84000000e+02 1.50204082e-01 1.03516484e+01 2.92260870e+00 3.13906005e+00 0.00000000e+00 2.98000000e+00 4.00000000e+00 2.00000000e+00 9.78139874e+00 5.71596089e+00 8.52071314e+00]
[3.09000000e+02 3.28100000e+03 6.89488505e-02 3.49304984e+01 1.36890817e+01 1.37170794e+00 6.75389581e-01 5.28155340e+00 7.00000000e+00 4.00000000e+00 4.65126424e+01 9.92453240e+00 5.88368426e+01]
[1.28000000e+02 2.07500000e+03 2.55290354e-01 4.02034884e+01 7.68511295e+00 1.37534330e+00 0.00000000e+00 2.85937500e+00 3.00000000e+00 2.00000000e+00 3.96313826e+01 2.56238824e+01 5.01873144e+01]
[3.32000000e+02 2.12600000e+03 3.86925345e-02 4.43728534e+01 3.15554240e+01 1.58372427e+00 7.24340668e-02 5.09337349e+00 6.00000000e+00 3.00000000e+00 4.12334160e+01 2.39248865e+01 5.11165573e+01]
[7.54000000e+02 2.12700000e+03 7.49257611e-03 1.11250882e+01 5.48079823e+00 1.72960174e+00 8.00633227e-01 1.23023873e+01 1.60000000e+01 8.00000000e+00 1.80658069e+01 4.00108109e+00 1.65582780e+01]
[2.90500000e+03 1.56450000e+04 3.70905108e-03 5.58413180e+01 4.50684810e+01 1.71683024e+00 5.93335280e-01 1.01604131e+01 1.40000000e+01 7.00000000e+00 6.29987341e+01 2.06317455e+01 7.93841356e+01]
[8.74000000e+02 4.00300000e+03 1.04927641e-02 3.41802623e+01 2.50159348e+01 1.67561361e+00 2.82079222e-02 5.75057208e+00 8.00000000e+00 4.00000000e+00 3.19726603e+01 1.65007810e+01 3.63569607e+01]
[1.22600000e+03 2.40800000e+03 3.20671172e-03 7.35895305e+00 3.42850572e+00 1.90541897e+00 4.58476417e-01 1.26598695e+01 1.70000000e+01 9.00000000e+00 9.20927318e+00 1.37955937e+00 4.29571519e+00]
[2.88800000e+03 2.98100000e+03 7.15069079e-04 2.55870324e+02 2.53763170e+02 2.55893091e+01 7.64527403e-01 6.75969529e+00 9.00000000e+00 5.00000000e+00 2.78030792e+01 1.15649212e+00 2.90139187e+01]
[4.94100000e+03 6.59400000e+03 5.40302697e-04 3.87146432e+00 1.20215126e+00 2.24677791e+00 5.87513807e-01 3.45407812e+01 4.60000000e+01 2.30000000e+01 7.48305133e+00 8.73806296e-01 2.11145090e+00]
[3.79000000e+02 9.14000000e+02 1.27598386e-02 8.02471170e+00 3.19756875e+00 1.74816562e+00 7.68600161e-01 1.20923483e+01 1.70000000e+01 9.00000000e+00 1.03754586e+01 2.21440298e+00 6.97182832e+00]]