0 1 
1 0 
0 2 
2 0 
0 3 
3 0 
0 4 
4 0 
0 5 
5 0 
0 6 
6 0 
0 7 
7 0 
0 8 
8 0 
0 9 
9 0 
0 10 
10 0 
0 11 
11 0 
0 12 
12 0 
0 13 
13 0 
0 14 
14 0 
0 15 
15 0 
0 16 
16 0 
0 17 
17 0 
0 18 
18 0 
1 57 
57 1 
1 58 
58 1 
1 59 
59 1 
1 60 
60 1 
1 61 
61 1 
1 62 
62 1 
1 63 
63 1 
1 67 
67 1 
1 70 
70 1 
1 71 
71 1 
1 77 
77 1 
1 94 
94 1 
1 96 
96 1 
1 97 
97 1 
1 18 
18 1 
2 57 
57 2 
2 58 
58 2 
2 59 
59 2 
2 60 
60 2 
2 61 
61 2 
2 62 
62 2 
2 63 
63 2 
2 67 
67 2 
2 70 
70 2 
2 71 
71 2 
2 72 
72 2 
2 75 
75 2 
2 77 
77 2 
2 78 
78 2 
2 79 
79 2 
2 80 
80 2 
2 20 
20 2 
2 86 
86 2 
2 97 
97 2 
2 41 
41 2 
2 46 
46 2 
2 48 
48 2 
2 18 
18 2 
3 59 
59 3 
3 60 
60 3 
3 61 
61 3 
3 63 
63 3 
3 70 
70 3 
3 97 
97 3 
3 41 
41 3 
3 46 
46 3 
3 48 
48 3 
3 18 
18 3 
4 57 
57 4 
4 58 
58 4 
4 59 
59 4 
4 60 
60 4 
4 61 
61 4 
4 62 
62 4 
4 63 
63 4 
4 67 
67 4 
4 68 
68 4 
4 71 
71 4 
4 77 
77 4 
4 18 
18 4 
5 58 
58 5 
5 59 
59 5 
5 60 
60 5 
5 61 
61 5 
5 63 
63 5 
5 67 
67 5 
5 68 
68 5 
5 71 
71 5 
5 77 
77 5 
5 20 
20 5 
5 94 
94 5 
5 96 
96 5 
5 97 
97 5 
5 18 
18 5 
6 58 
58 6 
6 59 
59 6 
6 60 
60 6 
6 61 
61 6 
6 15 
15 6 
6 63 
63 6 
6 67 
67 6 
6 71 
71 6 
6 77 
77 6 
6 94 
94 6 
6 96 
96 6 
6 97 
97 6 
6 18 
18 6 
7 58 
58 7 
7 59 
59 7 
7 60 
60 7 
7 61 
61 7 
7 63 
63 7 
7 67 
67 7 
7 70 
70 7 
7 71 
71 7 
7 77 
77 7 
7 94 
94 7 
7 96 
96 7 
7 97 
97 7 
7 18 
18 7 
8 64 
64 8 
8 65 
65 8 
8 66 
66 8 
8 70 
70 8 
8 72 
72 8 
8 75 
75 8 
8 76 
76 8 
8 78 
78 8 
8 79 
79 8 
8 80 
80 8 
8 81 
81 8 
8 83 
83 8 
8 20 
20 8 
8 86 
86 8 
8 97 
97 8 
8 54 
54 8 
8 127 
127 8 
9 19 
19 9 
9 81 
81 9 
9 82 
82 9 
9 84 
84 9 
9 20 
20 9 
9 87 
87 9 
9 30 
30 9 
9 41 
41 9 
9 54 
54 9 
9 113 
113 9 
9 114 
114 9 
9 123 
123 9 
9 126 
126 9 
9 17 
17 9 
9 127 
127 9 
9 18 
18 9 
10 19 
19 10 
10 81 
81 10 
10 82 
82 10 
10 84 
84 10 
10 20 
20 10 
10 87 
87 10 
10 30 
30 10 
10 41 
41 10 
10 54 
54 10 
10 113 
113 10 
10 114 
114 10 
10 126 
126 10 
10 17 
17 10 
10 127 
127 10 
10 18 
18 10 
11 19 
19 11 
11 81 
81 11 
11 82 
82 11 
11 84 
84 11 
11 20 
20 11 
11 87 
87 11 
11 30 
30 11 
11 41 
41 11 
11 54 
54 11 
11 113 
113 11 
11 114 
114 11 
11 126 
126 11 
11 17 
17 11 
11 127 
127 11 
11 18 
18 11 
12 127 
127 12 
13 19 
19 13 
13 97 
97 13 
13 41 
41 13 
13 46 
46 13 
13 48 
48 13 
13 54 
54 13 
13 17 
17 13 
13 127 
127 13 
13 18 
18 13 
14 70 
70 14 
14 73 
73 14 
14 81 
81 14 
14 82 
82 14 
14 83 
83 14 
14 84 
84 14 
14 20 
20 14 
14 85 
85 14 
14 87 
87 14 
14 30 
30 14 
14 97 
97 14 
14 40 
40 14 
14 41 
41 14 
14 46 
46 14 
14 48 
48 14 
14 54 
54 14 
14 113 
113 14 
14 114 
114 14 
14 123 
123 14 
14 126 
126 14 
14 17 
17 14 
14 127 
127 14 
14 18 
18 14 
15 56 
56 15 
15 59 
59 15 
15 60 
60 15 
15 61 
61 15 
15 62 
62 15 
15 69 
69 15 
15 89 
89 15 
15 90 
90 15 
15 91 
91 15 
15 30 
30 15 
15 94 
94 15 
15 95 
95 15 
15 96 
96 15 
15 32 
32 15 
15 98 
98 15 
15 50 
50 15 
15 17 
17 15 
15 63 
63 15 
16 19 
19 16 
16 56 
56 16 
16 71 
71 16 
16 72 
72 16 
16 73 
73 16 
16 74 
74 16 
16 80 
80 16 
16 21 
21 16 
16 87 
87 16 
16 23 
23 16 
16 25 
25 16 
16 28 
28 16 
16 33 
33 16 
16 45 
45 16 
16 52 
52 16 
16 127 
127 16 
17 56 
56 17 
17 55 
55 17 
17 57 
57 17 
17 58 
58 17 
17 59 
59 17 
17 60 
60 17 
17 61 
61 17 
17 62 
62 17 
17 63 
63 17 
17 67 
67 17 
17 83 
83 17 
17 85 
85 17 
17 23 
23 17 
17 24 
24 17 
17 25 
25 17 
17 26 
26 17 
17 89 
89 17 
17 90 
90 17 
17 91 
91 17 
17 27 
27 17 
17 28 
28 17 
17 30 
30 17 
17 31 
31 17 
17 94 
94 17 
17 95 
95 17 
17 96 
96 17 
17 32 
32 17 
17 97 
97 17 
17 98 
98 17 
17 99 
99 17 
17 100 
100 17 
17 101 
101 17 
17 33 
33 17 
17 34 
34 17 
17 35 
35 17 
17 36 
36 17 
17 37 
37 17 
17 38 
38 17 
17 39 
39 17 
17 40 
40 17 
17 41 
41 17 
17 42 
42 17 
17 43 
43 17 
17 44 
44 17 
17 45 
45 17 
17 46 
46 17 
17 47 
47 17 
17 48 
48 17 
17 49 
49 17 
17 102 
102 17 
17 103 
103 17 
17 104 
104 17 
17 50 
50 17 
17 51 
51 17 
17 52 
52 17 
17 53 
53 17 
17 54 
54 17 
17 105 
105 17 
17 106 
106 17 
17 107 
107 17 
17 108 
108 17 
17 109 
109 17 
17 110 
110 17 
17 111 
111 17 
17 112 
112 17 
17 113 
113 17 
17 114 
114 17 
17 115 
115 17 
17 116 
116 17 
17 117 
117 17 
17 118 
118 17 
17 119 
119 17 
17 120 
120 17 
17 121 
121 17 
17 122 
122 17 
17 123 
123 17 
17 124 
124 17 
17 125 
125 17 
17 126 
126 17 
17 71 
71 17 
17 77 
77 17 
17 127 
127 17 
18 55 
55 18 
19 20 
20 19 
19 21 
21 19 
19 22 
22 19 
19 23 
23 19 
19 24 
24 19 
19 25 
25 19 
19 26 
26 19 
19 27 
27 19 
19 28 
28 19 
19 29 
29 19 
19 30 
30 19 
19 31 
31 19 
19 32 
32 19 
19 33 
33 19 
19 34 
34 19 
19 35 
35 19 
19 36 
36 19 
19 37 
37 19 
19 38 
38 19 
19 39 
39 19 
19 40 
40 19 
19 41 
41 19 
19 42 
42 19 
19 43 
43 19 
19 44 
44 19 
19 45 
45 19 
19 46 
46 19 
19 47 
47 19 
19 48 
48 19 
19 49 
49 19 
19 50 
50 19 
19 51 
51 19 
19 52 
52 19 
19 53 
53 19 
19 54 
54 19 
20 56 
56 20 
20 59 
59 20 
20 60 
60 20 
20 61 
61 20 
20 62 
62 20 
20 63 
63 20 
20 66 
66 20 
20 78 
78 20 
20 79 
79 20 
20 23 
23 20 
20 24 
24 20 
20 26 
26 20 
20 89 
89 20 
20 90 
90 20 
20 91 
91 20 
20 27 
27 20 
20 28 
28 20 
20 92 
92 20 
20 29 
29 20 
20 93 
93 20 
20 95 
95 20 
20 32 
32 20 
20 98 
98 20 
20 99 
99 20 
20 100 
100 20 
20 101 
101 20 
20 33 
33 20 
20 34 
34 20 
20 35 
35 20 
20 36 
36 20 
20 37 
37 20 
20 38 
38 20 
20 39 
39 20 
20 40 
40 20 
20 41 
41 20 
20 42 
42 20 
20 43 
43 20 
20 44 
44 20 
20 45 
45 20 
20 102 
102 20 
20 50 
50 20 
20 53 
53 20 
20 54 
54 20 
20 105 
105 20 
20 106 
106 20 
20 107 
107 20 
20 108 
108 20 
20 109 
109 20 
20 110 
110 20 
20 111 
111 20 
20 112 
112 20 
20 113 
113 20 
20 114 
114 20 
20 115 
115 20 
20 117 
117 20 
20 118 
118 20 
20 119 
119 20 
20 120 
120 20 
20 121 
121 20 
20 122 
122 20 
20 124 
124 20 
20 125 
125 20 
20 126 
126 20 
20 127 
127 20 
21 56 
56 21 
21 66 
66 21 
21 70 
70 21 
21 72 
72 21 
21 78 
78 21 
21 79 
79 21 
21 80 
80 21 
21 81 
81 21 
21 82 
82 21 
21 23 
23 21 
21 24 
24 21 
21 25 
25 21 
21 26 
26 21 
21 28 
28 21 
21 33 
33 21 
21 42 
42 21 
21 45 
45 21 
21 52 
52 21 
21 105 
105 21 
21 106 
106 21 
21 111 
111 21 
21 112 
112 21 
21 117 
117 21 
21 118 
118 21 
21 119 
119 21 
21 121 
121 21 
21 122 
122 21 
21 124 
124 21 
21 127 
127 21 
22 56 
56 22 
22 71 
71 22 
22 83 
83 22 
22 84 
84 22 
22 86 
86 22 
22 87 
87 22 
22 23 
23 22 
22 24 
24 22 
22 25 
25 22 
22 26 
26 22 
22 27 
27 22 
22 28 
28 22 
22 92 
92 22 
22 29 
29 22 
22 93 
93 22 
22 32 
32 22 
22 33 
33 22 
22 35 
35 22 
22 45 
45 22 
22 51 
51 22 
22 52 
52 22 
22 105 
105 22 
22 106 
106 22 
22 111 
111 22 
22 112 
112 22 
22 113 
113 22 
22 114 
114 22 
22 115 
115 22 
22 117 
117 22 
22 118 
118 22 
22 119 
119 22 
22 120 
120 22 
22 121 
121 22 
22 122 
122 22 
22 124 
124 22 
22 127 
127 22 
23 56 
56 23 
23 71 
71 23 
23 72 
72 23 
23 73 
73 23 
23 74 
74 23 
23 84 
84 23 
23 86 
86 23 
23 87 
87 23 
23 88 
88 23 
23 89 
89 23 
23 90 
90 23 
23 91 
91 23 
23 28 
28 23 
23 92 
92 23 
23 29 
29 23 
23 93 
93 23 
23 94 
94 23 
23 95 
95 23 
23 96 
96 23 
23 38 
38 23 
23 39 
39 23 
23 41 
41 23 
23 48 
48 23 
23 102 
102 23 
23 54 
54 23 
24 56 
56 24 
24 71 
71 24 
24 72 
72 24 
24 73 
73 24 
24 74 
74 24 
24 75 
75 24 
24 76 
76 24 
24 77 
77 24 
24 78 
78 24 
24 79 
79 24 
24 84 
84 24 
24 86 
86 24 
24 87 
87 24 
24 88 
88 24 
24 116 
116 24 
24 127 
127 24 
25 56 
56 25 
25 86 
86 25 
25 87 
87 25 
25 88 
88 25 
25 49 
49 25 
25 116 
116 25 
25 121 
121 25 
25 89 
89 25 
25 90 
90 25 
25 91 
91 25 
25 28 
28 25 
25 94 
94 25 
25 95 
95 25 
25 96 
96 25 
25 98 
98 25 
25 99 
99 25 
25 100 
100 25 
25 101 
101 25 
25 36 
36 25 
25 38 
38 25 
25 39 
39 25 
25 40 
40 25 
25 41 
41 25 
25 42 
42 25 
25 46 
46 25 
25 48 
48 25 
25 50 
50 25 
25 51 
51 25 
25 53 
53 25 
25 54 
54 25 
26 56 
56 26 
26 71 
71 26 
26 72 
72 26 
26 73 
73 26 
26 74 
74 26 
26 75 
75 26 
26 76 
76 26 
26 77 
77 26 
26 78 
78 26 
26 79 
79 26 
26 82 
82 26 
26 83 
83 26 
26 84 
84 26 
26 85 
85 26 
26 86 
86 26 
26 87 
87 26 
26 49 
49 26 
26 92 
92 26 
26 29 
29 26 
26 93 
93 26 
26 102 
102 26 
26 103 
103 26 
26 104 
104 26 
27 56 
56 27 
27 83 
83 27 
27 84 
84 27 
27 85 
85 27 
27 86 
86 27 
27 87 
87 27 
27 88 
88 27 
27 91 
91 27 
27 92 
92 27 
27 43 
43 27 
27 105 
105 27 
27 106 
106 27 
27 107 
107 27 
27 108 
108 27 
27 115 
115 27 
27 116 
116 27 
27 121 
121 27 
27 29 
29 27 
27 95 
95 27 
27 102 
102 27 
27 103 
103 27 
27 104 
104 27 
27 50 
50 27 
27 54 
54 27 
28 56 
56 28 
28 70 
70 28 
28 71 
71 28 
28 72 
72 28 
28 73 
73 28 
28 74 
74 28 
28 75 
75 28 
28 76 
76 28 
28 77 
77 28 
28 78 
78 28 
28 79 
79 28 
28 83 
83 28 
28 84 
84 28 
28 86 
86 28 
28 87 
87 28 
28 88 
88 28 
28 44 
44 28 
28 109 
109 28 
28 116 
116 28 
28 121 
121 28 
28 125 
125 28 
28 29 
29 28 
28 93 
93 28 
28 127 
127 28 
29 56 
56 29 
29 83 
83 29 
29 84 
84 29 
29 85 
85 29 
29 86 
86 29 
29 87 
87 29 
29 88 
88 29 
29 92 
92 29 
29 33 
33 29 
29 36 
36 29 
29 37 
37 29 
29 43 
43 29 
29 44 
44 29 
29 50 
50 29 
29 54 
54 29 
29 105 
105 29 
29 106 
106 29 
29 107 
107 29 
29 108 
108 29 
29 110 
110 29 
29 112 
112 29 
29 115 
115 29 
29 116 
116 29 
29 121 
121 29 
29 125 
125 29 
29 127 
127 29 
29 95 
95 29 
29 102 
102 29 
29 103 
103 29 
29 104 
104 29 
30 56 
56 30 
30 59 
59 30 
30 60 
60 30 
30 61 
61 30 
30 62 
62 30 
30 63 
63 30 
30 31 
31 30 
30 34 
34 30 
30 47 
47 30 
30 49 
49 30 
30 53 
53 30 
30 105 
105 30 
30 106 
106 30 
30 107 
107 30 
30 108 
108 30 
30 115 
115 30 
30 116 
116 30 
30 121 
121 30 
31 56 
56 31 
31 80 
80 31 
31 81 
81 31 
31 83 
83 31 
31 89 
89 31 
31 90 
90 31 
31 91 
91 31 
31 34 
34 31 
31 47 
47 31 
31 49 
49 31 
31 53 
53 31 
31 105 
105 31 
31 106 
106 31 
31 107 
107 31 
31 108 
108 31 
31 109 
109 31 
31 115 
115 31 
31 116 
116 31 
31 121 
121 31 
31 125 
125 31 
31 94 
94 31 
31 95 
95 31 
31 96 
96 31 
31 98 
98 31 
32 56 
56 32 
32 79 
79 32 
32 80 
80 32 
32 81 
81 32 
32 82 
82 32 
32 83 
83 32 
32 84 
84 32 
32 85 
85 32 
32 86 
86 32 
32 87 
87 32 
32 88 
88 32 
32 89 
89 32 
32 90 
90 32 
32 91 
91 32 
32 121 
121 32 
32 125 
125 32 
32 103 
103 32 
32 104 
104 32 
32 54 
54 32 
33 56 
56 33 
33 83 
83 33 
33 84 
84 33 
33 86 
86 33 
33 87 
87 33 
33 88 
88 33 
33 89 
89 33 
33 91 
91 33 
33 92 
92 33 
33 93 
93 33 
33 95 
95 33 
33 96 
96 33 
33 97 
97 33 
33 98 
98 33 
33 99 
99 33 
33 100 
100 33 
33 101 
101 33 
33 38 
38 33 
33 39 
39 33 
33 41 
41 33 
33 48 
48 33 
33 102 
102 33 
33 103 
103 33 
33 104 
104 33 
33 50 
50 33 
33 54 
54 33 
34 56 
56 34 
34 59 
59 34 
34 60 
60 34 
34 61 
61 34 
34 62 
62 34 
34 83 
83 34 
34 84 
84 34 
34 89 
89 34 
34 90 
90 34 
34 91 
91 34 
34 95 
95 34 
34 96 
96 34 
34 98 
98 34 
34 116 
116 34 
34 121 
121 34 
34 125 
125 34 
34 38 
38 34 
34 41 
41 34 
34 53 
53 34 
35 56 
56 35 
35 59 
59 35 
35 60 
60 35 
35 61 
61 35 
35 62 
62 35 
35 71 
71 35 
35 72 
72 35 
35 74 
74 35 
35 75 
75 35 
35 76 
76 35 
35 77 
77 35 
35 78 
78 35 
35 79 
79 35 
35 82 
82 35 
35 83 
83 35 
35 84 
84 35 
35 86 
86 35 
35 87 
87 35 
35 88 
88 35 
35 89 
89 35 
35 90 
90 35 
35 91 
91 35 
35 92 
92 35 
35 95 
95 35 
35 96 
96 35 
35 98 
98 35 
35 121 
121 35 
35 38 
38 35 
35 41 
41 35 
35 102 
102 35 
35 103 
103 35 
35 104 
104 35 
35 54 
54 35 
36 56 
56 36 
36 82 
82 36 
36 83 
83 36 
36 84 
84 36 
36 85 
85 36 
36 89 
89 36 
36 90 
90 36 
36 91 
91 36 
36 94 
94 36 
36 95 
95 36 
36 96 
96 36 
36 97 
97 36 
36 99 
99 36 
36 100 
100 36 
36 101 
101 36 
36 49 
49 36 
36 105 
105 36 
36 106 
106 36 
36 107 
107 36 
36 108 
108 36 
36 109 
109 36 
36 115 
115 36 
36 116 
116 36 
36 121 
121 36 
36 125 
125 36 
36 38 
38 36 
36 41 
41 36 
36 103 
103 36 
36 104 
104 36 
36 54 
54 36 
37 56 
56 37 
37 83 
83 37 
37 84 
84 37 
37 85 
85 37 
37 89 
89 37 
37 90 
90 37 
37 91 
91 37 
37 94 
94 37 
37 95 
95 37 
37 96 
96 37 
37 97 
97 37 
37 99 
99 37 
37 100 
100 37 
37 101 
101 37 
37 116 
116 37 
37 121 
121 37 
37 38 
38 37 
37 41 
41 37 
37 103 
103 37 
37 104 
104 37 
37 54 
54 37 
38 56 
56 38 
38 59 
59 38 
38 60 
60 38 
38 61 
61 38 
38 62 
62 38 
38 67 
67 38 
38 69 
69 38 
38 71 
71 38 
38 72 
72 38 
38 73 
73 38 
38 74 
74 38 
38 75 
75 38 
38 76 
76 38 
38 77 
77 38 
38 78 
78 38 
38 79 
79 38 
38 80 
80 38 
38 81 
81 38 
38 82 
82 38 
38 83 
83 38 
38 84 
84 38 
38 85 
85 38 
38 39 
39 38 
38 42 
42 38 
38 43 
43 38 
38 44 
44 38 
38 49 
49 38 
38 54 
54 38 
38 105 
105 38 
38 106 
106 38 
38 109 
109 38 
38 110 
110 38 
38 111 
111 38 
38 112 
112 38 
38 114 
114 38 
38 115 
115 38 
38 116 
116 38 
38 117 
117 38 
38 118 
118 38 
38 119 
119 38 
38 120 
120 38 
38 121 
121 38 
38 122 
122 38 
38 125 
125 38 
38 127 
127 38 
39 56 
56 39 
39 59 
59 39 
39 60 
60 39 
39 61 
61 39 
39 62 
62 39 
39 66 
66 39 
39 71 
71 39 
39 72 
72 39 
39 73 
73 39 
39 74 
74 39 
39 75 
75 39 
39 76 
76 39 
39 77 
77 39 
39 78 
78 39 
39 79 
79 39 
39 80 
80 39 
39 81 
81 39 
39 82 
82 39 
39 83 
83 39 
39 84 
84 39 
39 85 
85 39 
39 87 
87 39 
39 97 
97 39 
39 105 
105 39 
39 106 
106 39 
39 107 
107 39 
39 108 
108 39 
39 109 
109 39 
39 115 
115 39 
39 116 
116 39 
39 121 
121 39 
39 125 
125 39 
39 48 
48 39 
40 56 
56 40 
40 67 
67 40 
40 71 
71 40 
40 72 
72 40 
40 73 
73 40 
40 74 
74 40 
40 75 
75 40 
40 76 
76 40 
40 77 
77 40 
40 79 
79 40 
40 80 
80 40 
40 81 
81 40 
40 82 
82 40 
40 83 
83 40 
40 84 
84 40 
40 87 
87 40 
41 56 
56 41 
41 67 
67 41 
41 69 
69 41 
41 71 
71 41 
41 72 
72 41 
41 73 
73 41 
41 74 
74 41 
41 75 
75 41 
41 76 
76 41 
41 77 
77 41 
41 78 
78 41 
41 79 
79 41 
41 80 
80 41 
41 81 
81 41 
41 82 
82 41 
41 83 
83 41 
41 84 
84 41 
41 86 
86 41 
41 87 
87 41 
41 92 
92 41 
41 49 
49 41 
41 53 
53 41 
41 105 
105 41 
41 106 
106 41 
41 107 
107 41 
41 108 
108 41 
41 109 
109 41 
41 110 
110 41 
41 112 
112 41 
41 115 
115 41 
41 116 
116 41 
41 121 
121 41 
41 125 
125 41 
42 56 
56 42 
42 59 
59 42 
42 60 
60 42 
42 61 
61 42 
42 62 
62 42 
42 66 
66 42 
42 71 
71 42 
42 75 
75 42 
42 76 
76 42 
42 77 
77 42 
42 78 
78 42 
42 79 
79 42 
42 80 
80 42 
42 81 
81 42 
42 82 
82 42 
42 83 
83 42 
42 84 
84 42 
42 85 
85 42 
42 87 
87 42 
42 91 
91 42 
42 95 
95 42 
42 96 
96 42 
42 97 
97 42 
42 99 
99 42 
42 100 
100 42 
42 101 
101 42 
42 49 
49 42 
42 105 
105 42 
42 106 
106 42 
42 107 
107 42 
42 108 
108 42 
42 109 
109 42 
42 115 
115 42 
42 116 
116 42 
42 121 
121 42 
42 125 
125 42 
42 48 
48 42 
42 102 
102 42 
42 103 
103 42 
42 104 
104 42 
42 51 
51 42 
42 54 
54 42 
43 56 
56 43 
43 59 
59 43 
43 60 
60 43 
43 61 
61 43 
43 62 
62 43 
43 80 
80 43 
43 81 
81 43 
43 83 
83 43 
43 84 
84 43 
43 85 
85 43 
43 89 
89 43 
43 90 
90 43 
43 91 
91 43 
43 94 
94 43 
43 95 
95 43 
43 96 
96 43 
43 49 
49 43 
43 105 
105 43 
43 115 
115 43 
43 116 
116 43 
43 121 
121 43 
43 125 
125 43 
43 103 
103 43 
43 104 
104 43 
43 54 
54 43 
44 56 
56 44 
44 71 
71 44 
44 72 
72 44 
44 73 
73 44 
44 74 
74 44 
44 79 
79 44 
44 80 
80 44 
44 81 
81 44 
44 82 
82 44 
44 83 
83 44 
44 84 
84 44 
44 85 
85 44 
44 91 
91 44 
44 93 
93 44 
44 94 
94 44 
44 95 
95 44 
44 96 
96 44 
44 116 
116 44 
44 121 
121 44 
44 103 
103 44 
44 104 
104 44 
44 51 
51 44 
44 54 
54 44 
45 56 
56 45 
45 68 
68 45 
45 69 
69 45 
45 78 
78 45 
45 79 
79 45 
45 80 
80 45 
45 81 
81 45 
45 82 
82 45 
45 83 
83 45 
45 84 
84 45 
45 85 
85 45 
45 86 
86 45 
45 87 
87 45 
45 88 
88 45 
45 116 
116 45 
45 121 
121 45 
45 125 
125 45 
46 56 
56 46 
46 66 
66 46 
46 67 
67 46 
46 68 
68 46 
46 70 
70 46 
46 71 
71 46 
46 75 
75 46 
46 76 
76 46 
46 77 
77 46 
46 78 
78 46 
46 49 
49 46 
46 53 
53 46 
46 105 
105 46 
46 106 
106 46 
46 107 
107 46 
46 108 
108 46 
46 115 
115 46 
46 116 
116 46 
46 121 
121 46 
46 125 
125 46 
47 56 
56 47 
47 89 
89 47 
47 90 
90 47 
47 91 
91 47 
47 95 
95 47 
47 96 
96 47 
47 98 
98 47 
47 52 
52 47 
47 53 
53 47 
48 56 
56 48 
48 64 
64 48 
48 65 
65 48 
48 66 
66 48 
48 78 
78 48 
48 79 
79 48 
48 80 
80 48 
48 81 
81 48 
48 82 
82 48 
48 49 
49 48 
48 116 
116 48 
48 121 
121 48 
48 125 
125 48 
48 127 
127 48 
49 56 
56 49 
49 89 
89 49 
49 90 
90 49 
49 91 
91 49 
49 94 
94 49 
49 95 
95 49 
49 96 
96 49 
49 97 
97 49 
49 98 
98 49 
49 116 
116 49 
49 121 
121 49 
49 125 
125 49 
49 102 
102 49 
49 103 
103 49 
49 104 
104 49 
49 51 
51 49 
49 52 
52 49 
49 53 
53 49 
49 54 
54 49 
50 56 
56 50 
50 59 
59 50 
50 60 
60 50 
50 61 
61 50 
50 62 
62 50 
50 63 
63 50 
50 66 
66 50 
50 75 
75 50 
50 76 
76 50 
50 77 
77 50 
50 78 
78 50 
50 79 
79 50 
50 80 
80 50 
50 81 
81 50 
50 82 
82 50 
50 83 
83 50 
50 84 
84 50 
50 85 
85 50 
50 87 
87 50 
50 93 
93 50 
50 102 
102 50 
50 103 
103 50 
50 104 
104 50 
50 74 
74 50 
50 54 
54 50 
50 105 
105 50 
50 106 
106 50 
50 107 
107 50 
50 108 
108 50 
50 109 
109 50 
50 115 
115 50 
50 116 
116 50 
50 121 
121 50 
50 125 
125 50 
50 127 
127 50 
51 56 
56 51 
51 67 
67 51 
51 68 
68 51 
51 69 
69 51 
51 70 
70 51 
51 71 
71 51 
51 72 
72 51 
51 73 
73 51 
51 74 
74 51 
51 75 
75 51 
51 76 
76 51 
51 77 
77 51 
51 86 
86 51 
51 87 
87 51 
51 88 
88 51 
51 92 
92 51 
51 53 
53 51 
51 105 
105 51 
51 106 
106 51 
51 107 
107 51 
51 108 
108 51 
51 109 
109 51 
51 115 
115 51 
51 116 
116 51 
51 121 
121 51 
51 125 
125 51 
52 56 
56 52 
52 70 
70 52 
52 71 
71 52 
52 72 
72 52 
52 73 
73 52 
52 74 
74 52 
52 75 
75 52 
52 76 
76 52 
52 77 
77 52 
52 78 
78 52 
52 79 
79 52 
52 80 
80 52 
52 81 
81 52 
52 83 
83 52 
52 84 
84 52 
52 86 
86 52 
52 87 
87 52 
52 88 
88 52 
52 53 
53 52 
52 105 
105 52 
52 106 
106 52 
52 107 
107 52 
52 108 
108 52 
52 109 
109 52 
52 115 
115 52 
52 116 
116 52 
52 121 
121 52 
52 125 
125 52 
53 56 
56 53 
53 59 
59 53 
53 60 
60 53 
53 61 
61 53 
53 62 
62 53 
53 83 
83 53 
53 84 
84 53 
53 89 
89 53 
53 90 
90 53 
53 91 
91 53 
53 95 
95 53 
53 96 
96 53 
53 98 
98 53 
53 107 
107 53 
53 109 
109 53 
53 121 
121 53 
53 125 
125 53 
54 56 
56 54 
54 66 
66 54 
54 67 
67 54 
54 70 
70 54 
54 71 
71 54 
54 72 
72 54 
54 73 
73 54 
54 74 
74 54 
54 75 
75 54 
54 76 
76 54 
54 77 
77 54 
54 78 
78 54 
54 79 
79 54 
54 80 
80 54 
54 81 
81 54 
54 82 
82 54 
54 83 
83 54 
54 84 
84 54 
54 87 
87 54 
54 93 
93 54 
54 95 
95 54 
54 102 
102 54 
54 92 
92 54 
54 105 
105 54 
54 106 
106 54 
54 107 
107 54 
54 108 
108 54 
54 109 
109 54 
54 110 
110 54 
54 111 
111 54 
54 112 
112 54 
54 115 
115 54 
54 116 
116 54 
54 117 
117 54 
54 118 
118 54 
54 119 
119 54 
54 120 
120 54 
54 121 
121 54 
54 125 
125 54 
54 127 
127 54 
55 56 
56 55 
55 57 
57 55 
55 58 
58 55 
55 59 
59 55 
55 60 
60 55 
55 61 
61 55 
55 62 
62 55 
55 63 
63 55 
55 67 
67 55 
55 71 
71 55 
56 57 
57 56 
56 58 
58 56 
56 59 
59 56 
56 60 
60 56 
56 61 
61 56 
56 62 
62 56 
56 63 
63 56 
56 64 
64 56 
56 65 
65 56 
56 66 
66 56 
56 67 
67 56 
56 68 
68 56 
56 69 
69 56 
56 70 
70 56 
56 71 
71 56 
56 72 
72 56 
56 73 
73 56 
56 74 
74 56 
56 75 
75 56 
56 76 
76 56 
56 77 
77 56 
56 78 
78 56 
56 79 
79 56 
56 80 
80 56 
56 81 
81 56 
56 82 
82 56 
56 83 
83 56 
56 84 
84 56 
56 85 
85 56 
56 86 
86 56 
56 87 
87 56 
56 88 
88 56 
56 89 
89 56 
56 90 
90 56 
56 91 
91 56 
56 92 
92 56 
56 93 
93 56 
56 94 
94 56 
56 95 
95 56 
56 96 
96 56 
56 97 
97 56 
56 98 
98 56 
56 99 
99 56 
56 100 
100 56 
56 101 
101 56 
56 102 
102 56 
56 103 
103 56 
56 104 
104 56 
56 105 
105 56 
56 106 
106 56 
56 107 
107 56 
56 108 
108 56 
56 109 
109 56 
56 110 
110 56 
56 111 
111 56 
56 112 
112 56 
56 113 
113 56 
56 114 
114 56 
56 115 
115 56 
56 116 
116 56 
56 117 
117 56 
56 118 
118 56 
56 119 
119 56 
56 120 
120 56 
56 121 
121 56 
56 122 
122 56 
56 123 
123 56 
56 124 
124 56 
56 125 
125 56 
56 126 
126 56 
56 127 
127 56 
57 58 
58 57 
57 59 
59 57 
57 60 
60 57 
57 61 
61 57 
57 62 
62 57 
57 63 
63 57 
57 67 
67 57 
57 71 
71 57 
57 77 
77 57 
58 59 
59 58 
58 60 
60 58 
58 61 
61 58 
58 63 
63 58 
58 67 
67 58 
58 71 
71 58 
58 77 
77 58 
59 68 
68 59 
59 69 
69 59 
59 70 
70 59 
59 89 
89 59 
59 90 
90 59 
59 91 
91 59 
59 94 
94 59 
59 95 
95 59 
59 96 
96 59 
59 98 
98 59 
59 99 
99 59 
59 100 
100 59 
59 101 
101 59 
59 103 
103 59 
59 104 
104 59 
60 68 
68 60 
60 69 
69 60 
60 70 
70 60 
60 89 
89 60 
60 90 
90 60 
60 91 
91 60 
60 94 
94 60 
60 95 
95 60 
60 96 
96 60 
60 98 
98 60 
60 99 
99 60 
60 100 
100 60 
60 101 
101 60 
60 103 
103 60 
60 104 
104 60 
61 68 
68 61 
61 69 
69 61 
61 70 
70 61 
61 89 
89 61 
61 90 
90 61 
61 91 
91 61 
61 94 
94 61 
61 95 
95 61 
61 96 
96 61 
61 98 
98 61 
61 99 
99 61 
61 100 
100 61 
61 101 
101 61 
61 103 
103 61 
61 104 
104 61 
62 68 
68 62 
62 69 
69 62 
62 70 
70 62 
62 89 
89 62 
62 90 
90 62 
62 91 
91 62 
62 94 
94 62 
62 95 
95 62 
62 96 
96 62 
62 98 
98 62 
62 99 
99 62 
62 100 
100 62 
62 101 
101 62 
62 103 
103 62 
62 104 
104 62 
63 68 
68 63 
63 69 
69 63 
63 70 
70 63 
63 77 
77 63 
63 89 
89 63 
63 90 
90 63 
63 91 
91 63 
63 94 
94 63 
63 95 
95 63 
63 96 
96 63 
63 98 
98 63 
63 99 
99 63 
63 100 
100 63 
63 101 
101 63 
64 65 
65 64 
64 66 
66 64 
64 72 
72 64 
64 75 
75 64 
64 76 
76 64 
64 77 
77 64 
64 78 
78 64 
64 79 
79 64 
64 80 
80 64 
64 127 
127 64 
65 66 
66 65 
65 72 
72 65 
65 75 
75 65 
65 76 
76 65 
65 77 
77 65 
65 78 
78 65 
65 79 
79 65 
65 80 
80 65 
65 127 
127 65 
66 70 
70 66 
66 72 
72 66 
66 76 
76 66 
66 78 
78 66 
66 84 
84 66 
66 86 
86 66 
66 90 
90 66 
66 127 
127 66 
67 70 
70 67 
67 89 
89 67 
67 122 
122 67 
67 124 
124 67 
67 126 
126 67 
68 127 
127 68 
69 70 
70 69 
69 122 
122 69 
69 124 
124 69 
69 127 
127 69 
69 79 
79 69 
69 80 
80 69 
69 81 
81 69 
69 82 
82 69 
69 83 
83 69 
69 84 
84 69 
69 85 
85 69 
69 94 
94 69 
69 95 
95 69 
69 102 
102 69 
69 104 
104 69 
70 76 
76 70 
70 106 
106 70 
70 122 
122 70 
70 124 
124 70 
70 126 
126 70 
70 127 
127 70 
70 71 
71 70 
70 72 
72 70 
70 79 
79 70 
70 80 
80 70 
70 81 
81 70 
70 82 
82 70 
71 74 
74 71 
71 76 
76 71 
71 84 
84 71 
71 87 
87 71 
71 88 
88 71 
71 89 
89 71 
71 90 
90 71 
71 94 
94 71 
71 95 
95 71 
71 96 
96 71 
71 106 
106 71 
71 109 
109 71 
71 110 
110 71 
71 111 
111 71 
71 112 
112 71 
71 113 
113 71 
71 114 
114 71 
71 115 
115 71 
71 117 
117 71 
71 118 
118 71 
71 119 
119 71 
71 122 
122 71 
71 124 
124 71 
71 125 
125 71 
71 126 
126 71 
71 127 
127 71 
72 74 
74 72 
72 84 
84 72 
72 89 
89 72 
72 90 
90 72 
72 94 
94 72 
72 95 
95 72 
72 96 
96 72 
72 100 
100 72 
72 109 
109 72 
72 110 
110 72 
72 111 
111 72 
72 112 
112 72 
72 113 
113 72 
72 114 
114 72 
72 115 
115 72 
72 117 
117 72 
72 118 
118 72 
72 119 
119 72 
72 122 
122 72 
72 124 
124 72 
72 126 
126 72 
72 127 
127 72 
73 89 
89 73 
73 90 
90 73 
73 95 
95 73 
73 111 
111 73 
73 113 
113 73 
73 114 
114 73 
73 117 
117 73 
73 118 
118 73 
73 119 
119 73 
73 122 
122 73 
73 127 
127 73 
74 89 
89 74 
74 90 
90 74 
74 113 
113 74 
74 114 
114 74 
74 117 
117 74 
74 118 
118 74 
74 119 
119 74 
74 122 
122 74 
74 127 
127 74 
74 98 
98 74 
75 76 
76 75 
75 84 
84 75 
75 87 
87 75 
75 92 
92 75 
75 95 
95 75 
75 103 
103 75 
75 104 
104 75 
75 109 
109 75 
75 110 
110 75 
75 111 
111 75 
75 112 
112 75 
75 113 
113 75 
75 114 
114 75 
75 115 
115 75 
75 117 
117 75 
75 118 
118 75 
75 119 
119 75 
75 122 
122 75 
75 124 
124 75 
75 126 
126 75 
75 127 
127 75 
76 84 
84 76 
76 87 
87 76 
76 92 
92 76 
76 95 
95 76 
76 103 
103 76 
76 104 
104 76 
76 106 
106 76 
76 109 
109 76 
76 110 
110 76 
76 111 
111 76 
76 112 
112 76 
76 113 
113 76 
76 114 
114 76 
76 115 
115 76 
76 117 
117 76 
76 118 
118 76 
76 119 
119 76 
76 122 
122 76 
76 124 
124 76 
76 126 
126 76 
76 127 
127 76 
76 77 
77 76 
76 78 
78 76 
76 79 
79 76 
76 80 
80 76 
76 81 
81 76 
76 82 
82 76 
77 87 
87 77 
77 92 
92 77 
77 95 
95 77 
77 96 
96 77 
77 103 
103 77 
77 104 
104 77 
77 106 
106 77 
77 109 
109 77 
77 110 
110 77 
77 111 
111 77 
77 112 
112 77 
77 113 
113 77 
77 114 
114 77 
77 115 
115 77 
77 117 
117 77 
77 118 
118 77 
77 119 
119 77 
77 122 
122 77 
77 124 
124 77 
77 126 
126 77 
77 127 
127 77 
78 89 
89 78 
78 90 
90 78 
78 94 
94 78 
78 95 
95 78 
78 96 
96 78 
78 109 
109 78 
78 110 
110 78 
78 111 
111 78 
78 112 
112 78 
78 117 
117 78 
78 118 
118 78 
78 119 
119 78 
78 126 
126 78 
78 127 
127 78 
79 87 
87 79 
79 89 
89 79 
79 90 
90 79 
79 94 
94 79 
79 95 
95 79 
79 96 
96 79 
79 99 
99 79 
79 100 
100 79 
79 101 
101 79 
79 102 
102 79 
79 103 
103 79 
79 104 
104 79 
79 127 
127 79 
80 84 
84 80 
80 87 
87 80 
80 89 
89 80 
80 90 
90 80 
80 91 
91 80 
80 92 
92 80 
80 94 
94 80 
80 95 
95 80 
80 96 
96 80 
80 98 
98 80 
80 99 
99 80 
80 100 
100 80 
80 101 
101 80 
80 102 
102 80 
80 103 
103 80 
80 104 
104 80 
80 126 
126 80 
80 127 
127 80 
81 84 
84 81 
81 87 
87 81 
81 89 
89 81 
81 90 
90 81 
81 91 
91 81 
81 92 
92 81 
81 94 
94 81 
81 95 
95 81 
81 96 
96 81 
81 98 
98 81 
81 99 
99 81 
81 100 
100 81 
81 101 
101 81 
81 102 
102 81 
81 103 
103 81 
81 104 
104 81 
81 126 
126 81 
81 127 
127 81 
82 89 
89 82 
82 90 
90 82 
82 91 
91 82 
82 94 
94 82 
82 96 
96 82 
82 98 
98 82 
82 99 
99 82 
82 100 
100 82 
82 101 
101 82 
82 102 
102 82 
82 126 
126 82 
82 127 
127 82 
83 84 
84 83 
83 88 
88 83 
83 89 
89 83 
83 90 
90 83 
83 91 
91 83 
83 92 
92 83 
83 93 
93 83 
83 94 
94 83 
83 95 
95 83 
83 96 
96 83 
83 98 
98 83 
83 99 
99 83 
83 100 
100 83 
83 101 
101 83 
83 102 
102 83 
83 105 
105 83 
83 106 
106 83 
83 107 
107 83 
83 108 
108 83 
83 109 
109 83 
83 110 
110 83 
83 111 
111 83 
83 112 
112 83 
83 113 
113 83 
83 114 
114 83 
83 115 
115 83 
83 117 
117 83 
83 118 
118 83 
83 119 
119 83 
83 120 
120 83 
83 121 
121 83 
83 122 
122 83 
83 124 
124 83 
83 125 
125 83 
83 126 
126 83 
84 88 
88 84 
84 89 
89 84 
84 90 
90 84 
84 91 
91 84 
84 92 
92 84 
84 93 
93 84 
84 94 
94 84 
84 95 
95 84 
84 96 
96 84 
84 98 
98 84 
84 99 
99 84 
84 100 
100 84 
84 101 
101 84 
84 102 
102 84 
84 105 
105 84 
84 106 
106 84 
84 107 
107 84 
84 108 
108 84 
84 109 
109 84 
84 110 
110 84 
84 111 
111 84 
84 112 
112 84 
84 113 
113 84 
84 114 
114 84 
84 115 
115 84 
84 117 
117 84 
84 118 
118 84 
84 119 
119 84 
84 120 
120 84 
84 121 
121 84 
84 122 
122 84 
84 124 
124 84 
84 125 
125 84 
84 126 
126 84 
84 127 
127 84 
84 87 
87 84 
85 89 
89 85 
85 90 
90 85 
85 91 
91 85 
85 93 
93 85 
85 94 
94 85 
85 95 
95 85 
85 96 
96 85 
85 98 
98 85 
85 99 
99 85 
85 100 
100 85 
85 101 
101 85 
85 102 
102 85 
86 88 
88 86 
86 92 
92 86 
86 93 
93 86 
86 95 
95 86 
86 96 
96 86 
86 102 
102 86 
86 111 
111 86 
86 113 
113 86 
86 114 
114 86 
86 117 
117 86 
86 118 
118 86 
86 119 
119 86 
86 121 
121 86 
86 122 
122 86 
86 124 
124 86 
86 127 
127 86 
87 88 
88 87 
87 92 
92 87 
87 93 
93 87 
87 95 
95 87 
87 96 
96 87 
87 102 
102 87 
87 105 
105 87 
87 106 
106 87 
87 109 
109 87 
87 110 
110 87 
87 111 
111 87 
87 112 
112 87 
87 113 
113 87 
87 114 
114 87 
87 115 
115 87 
87 117 
117 87 
87 118 
118 87 
87 119 
119 87 
87 120 
120 87 
87 121 
121 87 
87 122 
122 87 
87 124 
124 87 
87 126 
126 87 
87 127 
127 87 
88 92 
92 88 
88 93 
93 88 
88 118 
118 88 
88 127 
127 88 
89 105 
105 89 
89 106 
106 89 
89 107 
107 89 
89 108 
108 89 
89 109 
109 89 
89 110 
110 89 
89 111 
111 89 
89 112 
112 89 
89 115 
115 89 
89 117 
117 89 
89 118 
118 89 
89 119 
119 89 
89 120 
120 89 
89 125 
125 89 
91 92 
92 91 
91 105 
105 91 
91 106 
106 91 
91 107 
107 91 
91 108 
108 91 
91 109 
109 91 
91 110 
110 91 
91 111 
111 91 
91 112 
112 91 
91 115 
115 91 
91 117 
117 91 
91 118 
118 91 
91 119 
119 91 
91 120 
120 91 
91 125 
125 91 
92 93 
93 92 
92 105 
105 92 
92 107 
107 92 
92 108 
108 92 
92 109 
109 92 
92 115 
115 92 
92 116 
116 92 
92 121 
121 92 
92 125 
125 92 
92 127 
127 92 
92 95 
95 92 
92 96 
96 92 
92 103 
103 92 
92 104 
104 92 
93 116 
116 93 
93 121 
121 93 
93 127 
127 93 
93 95 
95 93 
93 102 
102 93 
93 103 
103 93 
93 104 
104 93 
94 110 
110 94 
95 105 
105 95 
95 106 
106 95 
95 107 
107 95 
95 108 
108 95 
95 109 
109 95 
95 110 
110 95 
95 111 
111 95 
95 112 
112 95 
95 113 
113 95 
95 114 
114 95 
95 115 
115 95 
95 117 
117 95 
95 118 
118 95 
95 119 
119 95 
95 120 
120 95 
95 122 
122 95 
95 125 
125 95 
96 105 
105 96 
96 106 
106 96 
96 107 
107 96 
96 108 
108 96 
96 109 
109 96 
96 110 
110 96 
96 111 
111 96 
96 112 
112 96 
96 113 
113 96 
96 114 
114 96 
96 115 
115 96 
96 117 
117 96 
96 118 
118 96 
96 119 
119 96 
96 120 
120 96 
96 122 
122 96 
96 125 
125 96 
97 106 
106 97 
97 110 
110 97 
97 111 
111 97 
97 112 
112 97 
97 120 
120 97 
98 105 
105 98 
98 106 
106 98 
98 107 
107 98 
98 108 
108 98 
98 109 
109 98 
98 110 
110 98 
98 111 
111 98 
98 112 
112 98 
98 115 
115 98 
98 117 
117 98 
98 118 
118 98 
98 119 
119 98 
98 120 
120 98 
98 125 
125 98 
99 105 
105 99 
99 106 
106 99 
99 107 
107 99 
99 108 
108 99 
99 109 
109 99 
99 110 
110 99 
99 111 
111 99 
99 112 
112 99 
99 115 
115 99 
99 117 
117 99 
99 118 
118 99 
99 119 
119 99 
99 120 
120 99 
99 125 
125 99 
100 105 
105 100 
100 106 
106 100 
100 107 
107 100 
100 108 
108 100 
100 109 
109 100 
100 110 
110 100 
100 111 
111 100 
100 112 
112 100 
100 114 
114 100 
100 115 
115 100 
100 117 
117 100 
100 118 
118 100 
100 119 
119 100 
100 120 
120 100 
100 125 
125 100 
101 105 
105 101 
101 106 
106 101 
101 108 
108 101 
101 110 
110 101 
101 111 
111 101 
101 112 
112 101 
101 115 
115 101 
101 117 
117 101 
101 118 
118 101 
101 119 
119 101 
101 120 
120 101 
102 105 
105 102 
102 106 
106 102 
102 107 
107 102 
102 108 
108 102 
102 109 
109 102 
102 110 
110 102 
102 111 
111 102 
102 112 
112 102 
102 115 
115 102 
102 117 
117 102 
102 118 
118 102 
102 119 
119 102 
102 120 
120 102 
102 125 
125 102 
103 105 
105 103 
103 106 
106 103 
103 107 
107 103 
103 108 
108 103 
103 109 
109 103 
103 110 
110 103 
103 111 
111 103 
103 112 
112 103 
103 113 
113 103 
103 114 
114 103 
103 115 
115 103 
103 117 
117 103 
103 118 
118 103 
103 119 
119 103 
103 120 
120 103 
103 122 
122 103 
103 125 
125 103 
103 127 
127 103 
104 105 
105 104 
104 106 
106 104 
104 107 
107 104 
104 108 
108 104 
104 109 
109 104 
104 110 
110 104 
104 111 
111 104 
104 112 
112 104 
104 115 
115 104 
104 117 
117 104 
104 118 
118 104 
104 119 
119 104 
104 120 
120 104 
104 127 
127 104 
107 116 
116 107 
108 116 
116 108 
109 116 
116 109 
109 121 
121 109 
110 116 
116 110 
110 121 
121 110 
111 116 
116 111 
112 116 
116 112 
113 116 
116 113 
114 116 
116 114 
116 117 
117 116 
116 118 
118 116 
116 119 
119 116 
121 122 
122 121 
121 123 
123 121 