0 1 
2 3 
2 4 
2 14 
2 89 
2 127 
2 186 
2 239 
2 259 
2 287 
2 290 
2 442 
2 455 
2 524 
2 539 
2 554 
2 611 
2 775 
2 852 
2 877 
3 679 
3 752 
3 769 
3 785 
3 869 
5 6 
6 628 
6 696 
6 752 
6 832 
6 855 
6 900 
7 8 
7 80 
7 89 
7 98 
7 101 
7 137 
7 300 
7 351 
7 433 
7 473 
7 475 
7 554 
7 586 
7 588 
7 590 
7 601 
7 608 
7 611 
7 618 
7 619 
7 620 
7 624 
7 651 
7 654 
7 656 
7 663 
7 679 
7 692 
7 696 
7 710 
7 711 
7 713 
7 718 
7 721 
7 724 
7 730 
7 740 
7 744 
7 752 
7 763 
7 767 
7 775 
7 779 
7 785 
7 790 
7 795 
7 797 
7 798 
7 802 
7 804 
7 814 
7 817 
7 822 
7 823 
7 826 
7 828 
7 830 
7 832 
7 835 
7 839 
7 847 
7 848 
7 850 
7 852 
7 855 
7 859 
7 864 
7 866 
7 875 
7 877 
7 880 
7 887 
7 900 
7 914 
8 214 
8 640 
8 822 
8 823 
8 855 
8 894 
9 10 
9 300 
9 554 
9 628 
9 875 
11 12 
11 14 
11 39 
11 115 
11 130 
11 138 
11 140 
11 153 
11 154 
11 158 
11 169 
11 300 
11 382 
11 554 
11 663 
11 696 
11 720 
11 740 
11 748 
11 752 
11 763 
11 781 
11 805 
11 809 
11 848 
11 855 
11 869 
11 877 
11 900 
12 13 
12 14 
12 54 
12 153 
12 182 
12 238 
12 254 
12 289 
12 336 
12 357 
12 379 
12 425 
12 524 
12 605 
12 670 
12 687 
12 696 
12 818 
12 823 
12 869 
12 917 
13 137 
13 289 
13 336 
13 713 
13 724 
13 767 
13 874 
13 900 
14 15 
14 16 
14 300 
14 352 
14 473 
14 554 
14 593 
14 601 
14 624 
14 629 
14 640 
14 654 
14 670 
14 681 
14 692 
14 696 
14 748 
14 759 
14 763 
14 775 
14 781 
14 823 
14 832 
14 848 
14 855 
14 877 
14 880 
14 900 
15 124 
15 300 
15 352 
15 748 
15 855 
15 899 
16 19 
16 22 
16 239 
16 255 
16 343 
16 429 
16 479 
16 554 
16 798 
17 18 
18 92 
19 39 
19 55 
19 78 
19 108 
19 162 
19 182 
19 187 
19 195 
19 200 
19 208 
19 216 
19 300 
19 352 
19 423 
19 470 
19 696 
19 785 
19 798 
19 838 
19 844 
19 850 
20 21 
20 61 
20 124 
20 204 
20 290 
20 473 
20 586 
20 752 
20 762 
20 785 
20 823 
20 828 
20 848 
20 850 
20 855 
20 866 
20 875 
21 31 
21 34 
21 124 
21 208 
21 300 
21 345 
21 442 
21 456 
21 554 
21 596 
21 608 
21 624 
21 640 
21 656 
21 667 
21 670 
21 692 
21 696 
21 713 
21 718 
21 720 
21 724 
21 732 
21 740 
21 748 
21 752 
21 781 
21 785 
21 790 
21 797 
21 798 
21 802 
21 804 
21 819 
21 822 
21 828 
21 832 
21 850 
21 855 
21 866 
21 877 
21 887 
22 741 
23 24 
23 29 
23 34 
23 74 
23 89 
23 98 
23 100 
23 115 
23 283 
23 850 
23 890 
23 920 
24 34 
24 97 
24 640 
24 677 
24 875 
25 26 
25 31 
25 33 
25 55 
25 117 
25 275 
25 769 
25 798 
25 850 
25 920 
26 39 
26 696 
26 798 
26 850 
26 866 
27 28 
27 442 
28 55 
28 80 
28 628 
28 696 
28 822 
28 850 
28 900 
29 354 
29 358 
29 442 
30 31 
30 71 
30 651 
30 785 
30 855 
30 900 
31 32 
31 71 
31 352 
31 425 
31 473 
31 475 
31 554 
31 586 
31 624 
31 670 
31 696 
31 718 
31 720 
31 741 
31 748 
31 763 
31 850 
31 852 
31 861 
31 864 
31 877 
31 892 
31 896 
31 900 
32 33 
32 36 
32 900 
33 36 
33 850 
33 920 
34 67 
34 87 
34 115 
34 124 
34 126 
34 150 
34 198 
34 239 
34 382 
34 442 
34 554 
34 629 
34 640 
34 823 
34 920 
35 36 
35 803 
36 37 
36 38 
36 42 
36 45 
36 55 
36 61 
36 67 
36 124 
36 131 
36 174 
36 179 
36 183 
36 204 
36 211 
36 213 
36 216 
36 404 
36 475 
36 554 
36 586 
36 593 
36 624 
36 629 
36 663 
36 692 
36 696 
36 713 
36 730 
36 733 
36 785 
36 812 
36 832 
36 844 
36 850 
36 864 
36 875 
36 877 
36 887 
36 900 
36 913 
36 920 
38 95 
38 126 
38 160 
38 174 
38 186 
38 345 
38 659 
39 40 
39 41 
39 67 
39 82 
39 96 
39 105 
39 111 
39 112 
39 186 
39 187 
39 345 
39 382 
39 482 
39 570 
39 620 
39 713 
39 720 
39 721 
39 731 
39 740 
39 752 
39 767 
39 779 
39 785 
39 790 
39 798 
39 804 
39 809 
39 822 
39 834 
39 842 
39 866 
39 877 
39 900 
39 916 
40 153 
40 731 
41 55 
41 83 
41 88 
41 364 
41 382 
41 531 
41 731 
41 748 
41 752 
41 790 
41 812 
41 877 
41 894 
42 67 
42 124 
42 696 
42 732 
42 850 
42 920 
43 44 
43 73 
43 74 
43 352 
43 716 
43 785 
43 890 
43 913 
44 300 
44 716 
44 795 
44 855 
45 844 
46 47 
47 49 
47 51 
47 59 
47 122 
47 124 
47 139 
47 141 
47 294 
48 49 
48 124 
48 748 
48 848 
48 916 
49 134 
49 638 
49 877 
50 51 
50 73 
51 52 
51 53 
51 64 
51 68 
51 69 
51 70 
51 131 
52 798 
52 822 
53 73 
53 74 
55 56 
55 57 
55 124 
55 310 
55 382 
55 596 
55 620 
55 629 
55 659 
55 711 
55 721 
55 752 
55 762 
55 769 
55 779 
55 785 
55 797 
55 855 
55 866 
55 887 
55 894 
55 898 
56 124 
56 328 
56 887 
58 59 
58 122 
58 280 
58 533 
60 61 
60 713 
60 752 
60 823 
60 866 
60 877 
61 67 
61 72 
61 101 
61 102 
61 142 
61 150 
61 171 
61 181 
61 184 
61 186 
61 213 
61 239 
61 283 
61 300 
61 336 
61 343 
61 354 
61 433 
61 601 
61 620 
61 640 
61 649 
61 651 
61 663 
61 666 
61 691 
61 692 
61 696 
61 717 
61 730 
61 785 
61 797 
61 815 
61 848 
61 850 
61 874 
61 880 
61 920 
62 63 
62 154 
62 225 
62 265 
62 329 
62 423 
62 442 
62 505 
62 540 
62 823 
62 844 
62 899 
63 154 
63 554 
63 640 
63 696 
63 752 
63 877 
64 713 
64 759 
64 797 
64 855 
65 66 
67 98 
67 124 
67 131 
67 148 
67 183 
67 236 
67 300 
67 382 
67 404 
67 554 
67 785 
67 850 
67 887 
67 890 
67 920 
69 354 
70 121 
70 452 
71 179 
71 183 
71 318 
71 327 
71 402 
71 451 
71 479 
71 679 
71 733 
71 750 
71 831 
71 880 
72 239 
72 255 
73 74 
73 358 
73 752 
73 828 
74 473 
74 586 
74 651 
74 654 
74 752 
74 866 
74 869 
74 890 
75 76 
75 78 
75 442 
75 794 
76 77 
76 554 
76 601 
76 692 
76 812 
76 850 
76 900 
77 812 
78 79 
78 98 
78 252 
78 270 
78 283 
78 442 
78 498 
78 533 
78 713 
78 752 
78 826 
78 838 
78 844 
78 852 
78 866 
79 100 
79 145 
79 259 
79 276 
79 332 
79 494 
80 81 
80 84 
80 118 
80 153 
80 181 
80 379 
80 533 
80 605 
80 670 
80 674 
80 687 
80 695 
80 779 
80 849 
81 97 
81 154 
81 273 
81 570 
81 798 
81 850 
81 877 
82 105 
82 111 
82 273 
82 275 
82 470 
82 834 
82 842 
82 900 
83 153 
83 900 
84 153 
85 86 
85 113 
85 382 
85 533 
86 113 
86 189 
87 358 
87 651 
87 696 
87 713 
87 797 
87 900 
88 198 
89 90 
89 91 
89 96 
89 106 
89 107 
89 111 
89 115 
89 133 
89 144 
89 148 
89 154 
89 161 
89 189 
89 216 
89 222 
89 290 
89 294 
89 306 
89 404 
89 470 
89 533 
89 554 
89 617 
89 629 
89 663 
89 679 
89 692 
89 696 
89 716 
89 752 
89 759 
89 781 
89 790 
89 823 
89 832 
89 855 
89 866 
89 877 
89 900 
90 106 
91 126 
92 93 
92 94 
92 482 
92 850 
95 554 
95 798 
95 848 
96 110 
96 113 
96 115 
96 540 
97 116 
97 618 
97 663 
98 99 
98 124 
98 165 
98 221 
98 262 
98 283 
98 290 
98 328 
98 343 
98 390 
98 568 
98 629 
98 769 
98 812 
98 861 
98 875 
98 877 
98 887 
98 890 
99 145 
99 255 
99 498 
99 531 
100 107 
100 115 
100 145 
100 221 
100 230 
100 287 
100 398 
100 462 
100 554 
100 738 
100 769 
100 850 
100 877 
101 118 
101 203 
101 289 
101 336 
101 533 
101 597 
101 646 
101 666 
101 675 
101 691 
101 695 
101 696 
101 763 
101 781 
101 810 
101 832 
101 874 
101 892 
101 900 
102 763 
102 874 
103 104 
103 236 
104 629 
104 663 
106 629 
107 850 
108 109 
108 113 
108 273 
108 382 
108 533 
108 830 
109 333 
109 533 
111 115 
112 462 
113 114 
113 189 
113 462 
113 533 
114 462 
114 554 
114 855 
115 150 
115 161 
115 162 
115 313 
115 442 
115 524 
115 692 
115 733 
115 850 
115 852 
115 855 
115 890 
116 533 
117 533 
118 663 
118 713 
118 752 
118 844 
118 855 
118 869 
118 900 
119 120 
119 850 
121 533 
122 123 
122 185 
122 189 
122 533 
123 300 
123 442 
123 812 
123 844 
123 850 
124 125 
124 129 
124 160 
124 174 
124 195 
124 204 
124 213 
124 233 
124 253 
124 283 
124 288 
124 290 
124 293 
124 294 
124 300 
124 306 
124 319 
124 321 
124 328 
124 329 
124 343 
124 352 
124 354 
124 359 
124 382 
124 396 
124 402 
124 426 
124 442 
124 462 
124 473 
124 475 
124 506 
124 554 
124 586 
124 593 
124 601 
124 608 
124 611 
124 624 
124 627 
124 628 
124 640 
124 663 
124 670 
124 692 
124 696 
124 707 
124 713 
124 716 
124 718 
124 724 
124 744 
124 748 
124 752 
124 759 
124 781 
124 785 
124 794 
124 812 
124 823 
124 830 
124 838 
124 848 
124 850 
124 855 
124 864 
124 866 
124 875 
124 877 
124 887 
124 889 
124 890 
124 892 
124 894 
124 900 
125 248 
125 554 
125 628 
125 752 
126 129 
126 195 
126 239 
126 343 
126 345 
126 554 
126 684 
126 868 
127 129 
127 208 
127 268 
127 470 
127 554 
127 696 
127 744 
127 752 
127 819 
127 850 
127 866 
127 900 
128 129 
128 812 
129 148 
129 236 
129 673 
129 785 
129 913 
131 132 
131 268 
131 300 
131 442 
131 475 
131 696 
131 713 
131 855 
132 554 
132 900 
135 136 
137 224 
137 584 
137 601 
137 624 
137 659 
137 874 
137 900 
138 848 
139 294 
140 848 
141 533 
141 659 
142 874 
143 144 
143 236 
143 798 
144 533 
144 798 
145 146 
145 398 
145 442 
145 462 
145 470 
145 475 
145 533 
145 554 
145 651 
145 696 
145 713 
145 752 
145 790 
145 797 
145 855 
145 866 
146 283 
147 148 
147 149 
147 290 
147 404 
147 554 
147 892 
148 149 
148 204 
148 234 
148 259 
148 263 
148 343 
148 354 
148 358 
148 404 
148 442 
148 533 
148 733 
148 913 
149 161 
149 300 
149 404 
149 692 
149 852 
149 855 
151 152 
152 382 
152 533 
153 283 
153 452 
153 539 
153 605 
153 646 
153 674 
153 733 
153 781 
153 784 
153 810 
154 155 
154 255 
154 404 
154 442 
154 570 
154 640 
154 720 
154 741 
154 752 
154 769 
154 794 
154 798 
154 823 
154 842 
154 844 
154 852 
154 877 
154 887 
154 889 
154 913 
155 769 
156 157 
157 404 
157 415 
157 435 
157 533 
158 159 
158 221 
158 848 
159 221 
159 442 
159 554 
160 174 
160 186 
160 345 
160 593 
160 654 
160 748 
160 913 
161 162 
161 442 
162 192 
162 239 
162 442 
163 164 
165 286 
165 299 
165 554 
166 167 
167 168 
167 170 
167 280 
167 333 
169 781 
169 855 
170 404 
170 442 
172 173 
174 345 
174 354 
174 442 
174 472 
174 474 
174 503 
174 759 
174 842 
175 176 
176 250 
176 289 
176 336 
176 554 
176 601 
176 627 
176 723 
176 822 
176 866 
176 869 
176 883 
177 178 
177 230 
177 404 
177 442 
178 239 
178 554 
178 692 
178 706 
178 752 
178 769 
178 848 
179 180 
179 629 
179 785 
179 844 
179 899 
181 239 
181 300 
181 404 
181 442 
181 473 
181 620 
181 696 
181 785 
181 830 
181 900 
181 920 
182 533 
183 209 
183 211 
183 239 
183 255 
183 300 
183 442 
183 696 
183 713 
183 752 
183 795 
183 797 
183 877 
183 887 
184 213 
184 239 
184 290 
184 442 
185 310 
185 508 
185 533 
186 187 
186 239 
186 300 
186 713 
186 835 
186 866 
186 877 
187 189 
187 273 
187 696 
187 752 
187 798 
187 834 
187 866 
188 189 
188 696 
188 703 
188 775 
188 850 
189 190 
189 191 
189 273 
189 470 
189 533 
189 554 
190 352 
190 475 
190 752 
190 831 
190 894 
192 204 
192 233 
192 570 
192 794 
192 834 
193 194 
193 238 
194 238 
195 259 
195 300 
195 313 
195 315 
195 319 
195 382 
195 732 
195 785 
195 844 
195 848 
195 855 
196 197 
196 203 
196 420 
197 203 
197 336 
197 609 
197 723 
198 199 
198 204 
198 210 
198 212 
198 230 
198 275 
198 283 
198 300 
198 328 
198 382 
198 456 
198 462 
198 470 
198 533 
198 540 
198 711 
198 769 
198 831 
198 861 
198 875 
199 300 
199 831 
201 202 
201 382 
201 457 
201 533 
202 533 
203 226 
203 300 
203 330 
203 336 
203 601 
203 646 
203 651 
203 691 
203 696 
203 707 
203 713 
203 797 
203 801 
203 832 
203 835 
203 874 
203 877 
203 892 
203 900 
204 205 
204 206 
204 213 
204 216 
204 232 
204 233 
204 236 
204 238 
204 244 
204 247 
204 248 
204 251 
204 255 
204 263 
204 264 
204 268 
204 287 
204 290 
204 299 
204 309 
204 310 
204 325 
204 333 
204 358 
204 382 
204 473 
204 505 
204 611 
204 624 
204 654 
204 696 
204 713 
204 733 
204 752 
204 785 
204 797 
204 830 
204 831 
204 838 
204 842 
204 855 
204 877 
204 900 
204 915 
205 236 
205 280 
205 283 
205 533 
205 733 
206 442 
206 593 
206 759 
206 832 
207 208 
207 640 
207 692 
207 826 
207 830 
207 848 
207 850 
208 300 
208 844 
208 850 
208 877 
209 229 
211 239 
211 255 
211 382 
212 314 
212 462 
212 711 
212 785 
213 659 
213 859 
214 215 
214 354 
214 724 
214 785 
215 554 
215 711 
215 738 
216 222 
216 239 
216 300 
216 319 
216 335 
216 442 
216 528 
216 570 
216 629 
216 651 
216 663 
216 696 
216 718 
216 759 
216 769 
216 809 
216 855 
217 218 
217 354 
218 462 
219 220 
219 328 
221 300 
221 442 
221 554 
221 593 
221 679 
221 696 
221 752 
221 759 
221 785 
221 792 
221 812 
221 850 
221 877 
222 681 
223 224 
223 336 
223 422 
223 427 
223 654 
223 656 
223 661 
223 696 
223 808 
223 823 
224 289 
224 336 
224 601 
224 614 
224 635 
224 651 
224 659 
224 696 
224 723 
225 540 
226 336 
226 612 
226 797 
227 228 
227 239 
228 716 
228 752 
228 798 
228 855 
228 877 
229 236 
229 268 
230 231 
230 404 
230 456 
230 462 
230 533 
230 629 
230 640 
230 711 
230 752 
230 785 
230 855 
231 533 
231 640 
232 238 
232 382 
232 396 
233 255 
233 268 
233 382 
233 528 
233 533 
234 263 
234 297 
234 404 
234 533 
235 236 
236 237 
236 255 
236 268 
236 283 
236 313 
236 354 
236 372 
236 382 
236 404 
236 442 
236 640 
236 798 
236 842 
236 877 
238 239 
238 271 
238 368 
239 240 
239 241 
239 242 
239 243 
239 251 
239 255 
239 268 
239 271 
239 272 
239 273 
239 276 
239 279 
239 290 
239 343 
239 420 
239 441 
239 461 
239 463 
239 465 
239 466 
239 469 
239 528 
239 539 
239 564 
239 733 
239 762 
239 844 
239 855 
240 442 
241 255 
241 366 
244 713 
244 733 
244 838 
245 246 
245 255 
248 249 
248 628 
248 640 
248 785 
250 649 
250 724 
251 255 
251 423 
251 442 
251 844 
252 283 
253 352 
253 554 
253 629 
254 336 
254 600 
254 721 
254 781 
255 256 
255 257 
255 258 
255 259 
255 264 
255 275 
255 283 
255 290 
255 333 
255 376 
255 382 
255 414 
255 419 
255 528 
255 654 
255 748 
255 877 
256 283 
256 290 
256 442 
256 823 
259 300 
259 429 
259 554 
259 838 
259 848 
259 852 
259 877 
259 886 
260 261 
261 275 
262 703 
263 297 
263 314 
263 343 
263 442 
263 533 
263 703 
263 792 
265 366 
265 462 
265 540 
266 267 
266 275 
266 297 
266 358 
266 842 
266 915 
267 275 
268 269 
268 343 
268 713 
268 718 
268 900 
271 290 
272 273 
272 404 
272 533 
272 611 
272 769 
272 798 
272 848 
272 877 
273 274 
273 279 
273 297 
273 341 
273 343 
273 359 
273 364 
273 382 
273 434 
273 533 
273 554 
273 586 
273 625 
273 752 
273 798 
273 830 
274 586 
274 696 
274 721 
274 752 
274 830 
274 900 
275 842 
276 297 
276 612 
276 651 
276 812 
276 855 
276 877 
277 278 
277 297 
278 297 
279 297 
280 281 
280 282 
280 442 
280 533 
280 794 
281 300 
281 842 
283 284 
283 285 
283 290 
283 442 
283 470 
283 511 
283 539 
283 593 
283 696 
283 798 
283 823 
283 850 
283 855 
283 887 
284 733 
285 435 
285 900 
286 733 
287 442 
288 744 
288 785 
288 838 
288 855 
288 877 
288 900 
289 713 
289 835 
289 874 
289 883 
289 900 
290 291 
290 292 
290 293 
290 294 
290 299 
290 305 
290 306 
290 328 
290 368 
290 437 
290 442 
290 528 
290 640 
290 696 
290 720 
290 785 
290 797 
290 823 
290 842 
290 887 
290 890 
290 900 
291 842 
294 327 
294 374 
295 296 
295 320 
296 320 
297 298 
297 309 
297 367 
297 442 
297 540 
298 333 
299 442 
299 524 
299 855 
299 890 
300 301 
300 302 
300 303 
300 304 
300 319 
300 328 
300 332 
300 336 
300 354 
300 396 
300 399 
300 404 
300 418 
300 429 
300 479 
300 524 
300 531 
300 539 
300 564 
300 605 
300 608 
300 624 
300 629 
300 646 
300 663 
300 666 
300 668 
300 677 
300 696 
300 717 
300 721 
300 728 
300 745 
300 765 
300 772 
300 778 
300 785 
300 808 
300 818 
300 823 
300 826 
300 828 
300 848 
300 858 
300 864 
300 875 
300 880 
300 887 
300 900 
301 832 
301 855 
303 696 
303 744 
304 593 
304 713 
304 744 
304 752 
304 823 
304 900 
305 442 
306 640 
306 785 
306 855 
306 890 
307 308 
307 404 
307 504 
309 505 
310 673 
310 721 
310 752 
310 797 
310 822 
310 877 
310 892 
310 900 
311 312 
311 313 
311 324 
311 325 
311 331 
311 368 
311 470 
311 877 
313 314 
313 354 
313 371 
313 375 
313 382 
313 387 
313 426 
313 442 
313 472 
313 473 
313 491 
313 524 
313 539 
313 733 
313 823 
313 842 
313 855 
313 900 
316 317 
319 398 
319 554 
319 629 
319 696 
319 752 
319 781 
319 785 
319 797 
319 798 
319 844 
319 852 
319 855 
319 877 
319 886 
321 322 
321 323 
321 324 
321 325 
321 326 
321 328 
323 470 
324 325 
324 326 
324 877 
325 326 
325 823 
326 842 
326 892 
328 354 
328 382 
328 476 
328 850 
328 877 
329 359 
329 416 
329 423 
329 464 
329 540 
329 877 
330 336 
330 646 
330 649 
331 696 
332 462 
332 554 
332 624 
332 696 
332 744 
332 785 
332 848 
332 900 
333 334 
333 382 
333 391 
333 442 
333 458 
333 470 
333 533 
333 890 
334 382 
334 733 
335 354 
335 423 
335 464 
335 488 
335 540 
335 733 
336 337 
336 338 
336 339 
336 340 
336 345 
336 379 
336 401 
336 473 
336 613 
336 651 
336 675 
336 692 
336 707 
336 713 
336 720 
336 721 
336 724 
336 732 
336 785 
336 822 
336 832 
336 846 
336 860 
336 874 
336 877 
336 892 
336 900 
337 651 
338 475 
338 618 
338 619 
338 626 
338 638 
338 646 
338 649 
338 659 
338 895 
340 379 
340 721 
340 832 
341 342 
341 343 
341 514 
341 861 
342 343 
343 344 
343 363 
343 365 
343 382 
343 399 
343 437 
343 442 
343 554 
343 624 
343 718 
343 733 
343 752 
343 797 
343 812 
343 838 
343 855 
343 861 
343 900 
344 442 
344 533 
344 812 
345 346 
345 583 
345 584 
345 592 
345 601 
345 635 
345 646 
345 663 
345 679 
345 696 
345 740 
345 748 
345 830 
346 640 
346 679 
346 785 
346 855 
346 900 
347 348 
348 462 
348 733 
349 350 
351 473 
351 590 
351 605 
351 608 
351 624 
351 651 
351 696 
351 839 
352 353 
352 593 
352 894 
354 355 
354 356 
354 357 
354 366 
354 371 
354 376 
354 396 
354 462 
354 466 
354 473 
354 490 
354 511 
354 539 
354 540 
354 554 
354 570 
354 629 
354 696 
354 711 
354 720 
354 744 
354 759 
354 781 
354 785 
354 795 
354 797 
354 838 
354 842 
354 852 
354 855 
354 877 
354 890 
354 899 
354 900 
355 442 
356 696 
356 877 
358 382 
358 404 
358 442 
358 524 
358 861 
359 426 
360 361 
360 376 
360 390 
361 362 
361 524 
362 366 
362 475 
362 524 
362 900 
363 374 
363 382 
363 442 
363 474 
363 503 
363 524 
363 539 
364 382 
365 442 
365 524 
366 373 
366 396 
366 442 
366 540 
367 442 
367 472 
368 369 
368 370 
368 374 
368 442 
368 785 
368 823 
372 396 
372 442 
372 524 
372 733 
374 442 
375 442 
375 524 
375 696 
375 877 
376 696 
377 378 
379 380 
379 381 
379 425 
379 433 
379 601 
379 605 
379 608 
379 627 
379 654 
379 663 
379 671 
379 822 
379 823 
379 892 
379 900 
381 565 
381 601 
381 721 
381 892 
382 383 
382 384 
382 385 
382 386 
382 387 
382 396 
382 400 
382 416 
382 418 
382 423 
382 442 
382 457 
382 470 
382 472 
382 480 
382 482 
382 524 
382 533 
382 539 
382 640 
382 733 
382 779 
382 781 
382 797 
382 798 
382 812 
382 823 
382 830 
386 397 
386 539 
386 568 
388 389 
388 395 
388 442 
388 462 
388 539 
388 540 
388 733 
388 851 
389 392 
389 393 
389 394 
389 395 
389 396 
389 397 
389 442 
389 899 
390 442 
390 554 
390 890 
391 442 
391 511 
391 547 
392 394 
392 395 
392 396 
392 397 
392 442 
392 494 
392 733 
393 394 
393 395 
393 396 
393 397 
394 395 
394 442 
394 524 
395 396 
395 397 
396 423 
396 442 
396 459 
396 462 
396 464 
396 472 
396 540 
396 554 
396 568 
396 733 
396 769 
396 781 
396 785 
396 838 
396 851 
396 855 
396 861 
396 877 
396 899 
397 400 
397 410 
397 412 
397 417 
397 476 
397 570 
397 611 
397 733 
397 794 
397 842 
397 899 
398 412 
398 515 
398 539 
398 733 
398 913 
399 404 
399 437 
399 442 
399 659 
399 718 
399 733 
399 759 
399 781 
399 785 
399 900 
400 442 
400 459 
400 733 
400 877 
401 600 
401 797 
402 403 
402 554 
402 900 
403 524 
403 554 
404 405 
404 406 
404 407 
404 408 
404 409 
404 424 
404 442 
404 462 
404 554 
404 593 
404 679 
404 733 
404 781 
404 802 
404 834 
404 844 
404 848 
404 877 
404 892 
404 900 
405 442 
407 654 
407 662 
407 692 
407 696 
407 713 
407 752 
407 785 
407 855 
407 900 
408 442 
408 855 
409 554 
410 798 
411 412 
411 415 
411 435 
411 524 
411 533 
411 733 
411 855 
411 877 
412 413 
412 568 
415 540 
415 733 
416 426 
416 733 
416 838 
416 848 
418 423 
418 459 
418 855 
418 890 
419 421 
419 501 
419 696 
420 593 
420 696 
420 774 
420 855 
421 501 
422 425 
422 427 
422 613 
422 627 
422 651 
422 661 
422 767 
422 810 
423 464 
423 540 
423 823 
423 851 
423 899 
424 442 
425 586 
425 588 
425 624 
425 627 
425 640 
425 664 
425 670 
425 673 
425 678 
425 681 
425 682 
425 696 
425 713 
425 752 
425 830 
425 848 
425 855 
426 434 
426 502 
426 539 
427 428 
427 613 
427 841 
427 892 
428 584 
428 687 
428 696 
429 430 
429 473 
429 476 
429 696 
429 759 
429 848 
429 855 
429 866 
430 826 
431 432 
431 848 
432 848 
433 605 
433 779 
433 892 
434 733 
435 436 
436 533 
437 438 
437 442 
437 481 
437 823 
438 442 
438 554 
438 797 
438 899 
439 440 
439 470 
439 733 
439 900 
440 470 
442 443 
442 444 
442 445 
442 446 
442 447 
442 448 
442 449 
442 450 
442 459 
442 466 
442 472 
442 476 
442 494 
442 502 
442 509 
442 511 
442 539 
442 540 
442 733 
442 762 
442 797 
442 812 
442 823 
442 852 
442 855 
442 861 
442 875 
442 877 
442 890 
443 733 
446 620 
446 692 
446 877 
447 823 
451 542 
451 900 
452 453 
452 454 
452 855 
456 608 
456 687 
458 524 
459 460 
459 733 
462 524 
462 539 
462 540 
462 554 
462 596 
462 733 
462 762 
462 850 
462 877 
463 464 
463 900 
464 484 
464 540 
467 468 
469 494 
469 516 
469 576 
469 577 
469 855 
470 471 
470 480 
470 541 
470 567 
470 724 
470 733 
470 877 
470 885 
472 890 
473 590 
473 601 
473 605 
473 624 
473 646 
473 661 
473 687 
473 696 
473 779 
473 839 
473 848 
473 864 
473 900 
474 554 
474 842 
475 605 
475 624 
475 646 
475 696 
475 718 
475 733 
475 823 
476 842 
477 478 
477 502 
479 629 
479 733 
479 798 
479 855 
481 769 
482 483 
482 533 
484 485 
484 486 
484 487 
484 488 
484 489 
485 486 
485 487 
485 488 
485 489 
485 490 
485 491 
485 502 
485 540 
485 794 
486 488 
486 794 
487 488 
487 490 
487 794 
488 489 
488 490 
488 502 
488 794 
489 794 
491 570 
491 794 
492 493 
492 513 
494 495 
494 496 
494 497 
494 501 
497 568 
498 510 
498 548 
499 500 
499 512 
500 512 
502 540 
503 554 
505 733 
507 508 
507 850 
508 785 
511 733 
511 823 
511 877 
514 823 
517 518 
519 520 
520 523 
521 522 
524 525 
524 526 
524 527 
524 540 
524 733 
524 769 
524 785 
524 877 
524 899 
529 530 
529 874 
531 692 
531 752 
531 785 
531 812 
531 852 
532 533 
533 534 
533 535 
533 536 
533 537 
533 538 
533 570 
533 625 
533 692 
533 762 
533 779 
533 794 
533 804 
533 861 
533 866 
533 877 
533 900 
534 775 
534 855 
539 733 
539 855 
539 890 
539 900 
540 733 
540 769 
540 877 
540 899 
541 542 
542 543 
542 544 
542 545 
546 547 
549 550 
550 551 
552 553 
552 563 
554 555 
554 556 
554 557 
554 558 
554 559 
554 560 
554 564 
554 566 
554 575 
554 577 
554 586 
554 601 
554 608 
554 624 
554 627 
554 640 
554 662 
554 692 
554 696 
554 701 
554 713 
554 717 
554 728 
554 740 
554 752 
554 765 
554 772 
554 775 
554 778 
554 781 
554 785 
554 798 
554 822 
554 823 
554 828 
554 832 
554 839 
554 848 
554 850 
554 852 
554 855 
554 864 
554 871 
554 874 
554 875 
554 884 
554 900 
555 823 
555 850 
556 733 
556 832 
556 838 
558 713 
559 900 
561 562 
565 590 
565 601 
565 608 
568 569 
570 574 
570 611 
570 733 
570 794 
570 842 
570 877 
571 572 
572 573 
574 583 
574 605 
574 611 
574 612 
574 646 
574 676 
574 696 
574 877 
575 629 
575 798 
576 577 
577 578 
579 580 
581 582 
581 724 
582 651 
582 724 
583 584 
583 601 
583 605 
583 646 
583 683 
583 696 
583 830 
584 585 
584 593 
584 600 
584 601 
584 676 
584 720 
584 767 
584 822 
584 830 
584 866 
584 900 
586 587 
586 588 
586 589 
586 601 
586 611 
586 627 
586 636 
586 661 
586 669 
586 692 
586 696 
586 700 
586 808 
586 810 
586 832 
586 848 
586 875 
587 638 
587 640 
588 623 
588 696 
588 807 
588 823 
589 615 
589 617 
589 636 
589 651 
589 692 
589 696 
589 717 
589 832 
589 877 
590 591 
590 601 
590 608 
590 624 
590 696 
590 721 
590 748 
590 823 
590 835 
590 873 
591 601 
591 900 
592 601 
593 594 
593 605 
593 607 
593 622 
593 627 
593 639 
593 646 
593 686 
593 733 
593 759 
593 778 
593 781 
593 797 
593 823 
593 826 
593 828 
593 834 
594 605 
594 614 
594 628 
594 646 
594 759 
594 781 
595 596 
595 831 
595 866 
596 598 
596 601 
596 624 
596 654 
596 689 
596 691 
596 695 
596 706 
596 717 
596 828 
596 852 
596 880 
597 692 
597 763 
597 832 
598 599 
598 644 
599 601 
599 644 
600 601 
600 687 
600 696 
600 767 
600 866 
600 892 
601 602 
601 603 
601 604 
601 619 
601 624 
601 628 
601 629 
601 633 
601 634 
601 635 
601 646 
601 659 
601 663 
601 669 
601 679 
601 681 
601 692 
601 696 
601 700 
601 709 
601 713 
601 715 
601 723 
601 724 
601 746 
601 751 
601 752 
601 759 
601 778 
601 779 
601 785 
601 797 
601 801 
601 822 
601 828 
601 830 
601 832 
601 835 
601 842 
601 848 
601 855 
601 866 
601 877 
601 880 
601 900 
601 916 
603 605 
603 646 
603 724 
604 781 
604 900 
605 606 
605 608 
605 613 
605 646 
605 674 
605 684 
605 685 
605 696 
605 718 
605 758 
605 759 
605 763 
605 781 
605 808 
605 832 
605 855 
605 877 
605 896 
605 897 
605 900 
606 608 
607 624 
607 646 
608 611 
608 627 
608 637 
608 646 
608 651 
608 666 
608 696 
608 707 
608 713 
608 717 
608 732 
608 759 
608 810 
608 815 
608 823 
608 832 
608 864 
608 866 
608 874 
608 880 
608 892 
609 610 
609 832 
609 892 
610 611 
610 612 
610 832 
610 900 
611 612 
611 613 
611 624 
611 636 
611 646 
611 651 
611 656 
611 674 
611 696 
611 752 
611 759 
611 808 
611 810 
611 818 
611 823 
611 832 
611 848 
611 864 
611 880 
611 887 
611 900 
611 916 
612 614 
612 639 
612 646 
612 651 
612 653 
612 656 
612 707 
612 810 
612 812 
612 855 
613 661 
614 624 
614 639 
614 656 
614 689 
614 692 
614 696 
614 759 
614 797 
614 839 
614 855 
615 616 
615 618 
615 644 
615 651 
615 696 
615 729 
615 752 
615 830 
615 880 
616 636 
616 823 
616 892 
617 646 
617 759 
617 779 
617 797 
617 808 
617 880 
618 619 
618 620 
618 621 
618 624 
618 646 
618 653 
618 691 
618 729 
618 880 
619 620 
619 621 
619 624 
619 646 
619 654 
619 663 
619 691 
619 696 
619 700 
619 729 
619 790 
619 807 
619 828 
619 834 
619 848 
619 880 
619 900 
620 629 
620 646 
620 696 
620 717 
620 748 
620 765 
620 823 
620 839 
620 880 
623 653 
623 696 
623 762 
624 627 
624 634 
624 637 
624 651 
624 653 
624 654 
624 655 
624 656 
624 659 
624 662 
624 666 
624 673 
624 681 
624 691 
624 696 
624 702 
624 713 
624 718 
624 726 
624 759 
624 778 
624 785 
624 818 
624 823 
624 842 
624 848 
624 855 
624 864 
624 866 
624 875 
624 880 
624 900 
625 691 
627 636 
627 651 
627 653 
627 659 
627 681 
627 692 
627 696 
627 707 
627 710 
627 711 
627 732 
627 759 
627 808 
627 832 
627 855 
627 892 
627 900 
628 646 
628 688 
628 696 
628 759 
628 781 
628 823 
628 880 
629 630 
629 631 
629 632 
629 640 
629 646 
629 663 
629 679 
629 692 
629 717 
629 730 
629 765 
629 772 
629 814 
629 823 
629 828 
629 839 
629 848 
629 855 
629 858 
630 855 
630 900 
631 900 
633 634 
633 696 
634 659 
634 691 
635 645 
635 752 
635 823 
636 651 
636 752 
636 797 
636 823 
636 832 
637 696 
637 828 
638 669 
638 830 
639 640 
639 653 
639 656 
639 659 
639 752 
639 819 
639 822 
639 823 
639 832 
640 641 
640 642 
640 643 
640 646 
640 656 
640 657 
640 661 
640 669 
640 670 
640 673 
640 678 
640 679 
640 682 
640 689 
640 691 
640 692 
640 696 
640 706 
640 716 
640 720 
640 724 
640 726 
640 730 
640 738 
640 739 
640 741 
640 744 
640 748 
640 752 
640 769 
640 772 
640 773 
640 781 
640 808 
640 828 
640 830 
640 832 
640 855 
640 877 
640 880 
640 881 
640 884 
641 646 
641 832 
644 823 
645 692 
645 752 
646 647 
646 648 
646 649 
646 651 
646 658 
646 659 
646 661 
646 664 
646 667 
646 669 
646 670 
646 676 
646 687 
646 692 
646 696 
646 707 
646 709 
646 713 
646 726 
646 729 
646 747 
646 759 
646 778 
646 785 
646 797 
646 808 
646 822 
646 832 
646 835 
646 844 
646 855 
646 864 
646 866 
646 877 
646 883 
646 892 
646 900 
647 850 
648 752 
649 650 
649 691 
649 724 
649 797 
651 652 
651 654 
651 662 
651 668 
651 670 
651 691 
651 692 
651 695 
651 696 
651 713 
651 717 
651 729 
651 752 
651 759 
651 761 
651 769 
651 778 
651 781 
651 797 
651 810 
651 823 
651 832 
651 836 
651 855 
651 877 
651 887 
651 900 
652 752 
652 826 
653 654 
653 696 
653 752 
653 900 
654 656 
654 659 
654 662 
654 681 
654 696 
654 707 
654 717 
654 741 
654 752 
654 798 
654 817 
654 819 
654 823 
654 847 
654 852 
654 866 
654 880 
654 887 
655 680 
655 752 
656 658 
656 676 
656 696 
656 700 
656 810 
656 822 
656 855 
657 752 
658 661 
658 696 
658 700 
658 808 
659 660 
659 661 
659 670 
659 691 
659 696 
659 797 
659 801 
659 808 
659 822 
659 823 
659 826 
659 832 
659 839 
660 832 
661 671 
661 696 
661 759 
661 822 
661 830 
662 692 
662 721 
662 801 
662 855 
663 692 
663 696 
663 728 
663 730 
663 752 
663 797 
663 815 
663 826 
663 835 
663 842 
663 848 
663 864 
663 866 
663 877 
663 892 
664 665 
664 670 
664 696 
664 719 
664 724 
664 781 
664 808 
664 887 
664 916 
665 696 
666 691 
666 696 
666 713 
666 732 
666 822 
666 832 
669 682 
669 692 
669 696 
669 700 
669 739 
669 752 
669 823 
669 832 
669 892 
670 672 
670 673 
670 678 
670 681 
670 696 
670 733 
670 752 
670 789 
670 797 
670 801 
670 832 
670 892 
670 900 
672 673 
673 678 
673 681 
673 696 
673 746 
673 752 
673 797 
674 696 
674 726 
674 892 
674 900 
676 696 
676 772 
677 695 
677 696 
677 752 
677 817 
677 855 
677 881 
677 900 
677 919 
678 752 
679 682 
679 686 
679 692 
679 752 
679 769 
679 822 
679 828 
679 832 
679 855 
679 880 
679 900 
680 681 
680 696 
681 682 
681 696 
681 752 
681 823 
682 683 
682 685 
686 781 
686 855 
687 696 
687 713 
687 724 
687 767 
687 801 
687 822 
687 855 
687 900 
688 855 
689 690 
689 696 
690 696 
691 696 
691 702 
691 713 
691 785 
691 797 
691 819 
691 822 
691 855 
691 900 
692 693 
692 694 
692 696 
692 699 
692 717 
692 728 
692 733 
692 740 
692 752 
692 763 
692 772 
692 778 
692 807 
692 808 
692 830 
692 832 
692 836 
692 837 
692 839 
692 848 
692 855 
692 872 
692 874 
692 880 
692 900 
692 918 
693 713 
693 869 
695 715 
695 768 
695 785 
695 801 
695 835 
695 866 
695 900 
696 697 
696 698 
696 701 
696 702 
696 703 
696 713 
696 717 
696 718 
696 720 
696 721 
696 724 
696 732 
696 752 
696 759 
696 767 
696 772 
696 781 
696 785 
696 805 
696 807 
696 808 
696 810 
696 815 
696 819 
696 820 
696 822 
696 823 
696 826 
696 830 
696 832 
696 839 
696 848 
696 850 
696 855 
696 860 
696 864 
696 869 
696 877 
696 880 
696 881 
696 883 
696 884 
696 892 
696 900 
696 916 
696 919 
700 713 
700 752 
702 832 
702 877 
703 704 
703 705 
703 710 
704 759 
706 748 
706 752 
706 788 
706 823 
706 836 
707 708 
707 752 
707 832 
710 784 
710 820 
711 712 
711 808 
713 714 
713 752 
713 758 
713 778 
713 781 
713 785 
713 797 
713 818 
713 823 
713 848 
713 866 
713 874 
713 880 
713 892 
713 900 
714 900 
715 723 
715 772 
715 790 
716 781 
716 823 
716 880 
716 894 
717 759 
717 785 
717 803 
717 832 
717 844 
717 866 
717 877 
717 900 
718 815 
718 822 
718 823 
719 855 
721 722 
721 781 
721 801 
721 823 
721 827 
722 827 
722 860 
723 801 
723 849 
723 900 
724 725 
724 781 
726 727 
726 752 
727 752 
727 823 
727 875 
728 752 
728 808 
728 848 
728 900 
729 752 
729 759 
729 810 
729 830 
729 842 
729 877 
730 752 
730 779 
730 797 
730 823 
730 848 
730 850 
730 855 
730 864 
730 880 
731 779 
732 778 
732 823 
732 848 
732 864 
733 734 
733 735 
733 736 
733 737 
733 781 
733 785 
733 823 
733 838 
733 877 
733 899 
733 900 
738 752 
738 765 
738 779 
739 752 
739 785 
739 826 
739 832 
740 743 
740 778 
740 788 
740 836 
740 880 
741 742 
741 765 
741 880 
743 788 
744 752 
744 828 
746 752 
746 828 
746 880 
748 749 
748 752 
748 769 
748 773 
748 812 
748 813 
748 855 
749 752 
752 753 
752 754 
752 755 
752 756 
752 757 
752 759 
752 761 
752 762 
752 763 
752 765 
752 769 
752 772 
752 773 
752 775 
752 778 
752 779 
752 781 
752 785 
752 788 
752 793 
752 795 
752 797 
752 798 
752 805 
752 806 
752 808 
752 809 
752 811 
752 812 
752 813 
752 814 
752 815 
752 816 
752 817 
752 819 
752 821 
752 823 
752 826 
752 828 
752 830 
752 834 
752 836 
752 837 
752 838 
752 839 
752 844 
752 848 
752 850 
752 852 
752 855 
752 873 
752 875 
752 877 
752 880 
752 886 
752 887 
752 892 
752 894 
752 895 
752 898 
752 899 
752 900 
752 913 
752 914 
752 916 
757 818 
758 822 
758 900 
759 760 
759 778 
759 781 
759 808 
759 823 
759 834 
759 880 
761 763 
762 822 
762 892 
763 764 
763 778 
763 781 
763 832 
763 874 
765 766 
765 785 
765 823 
765 855 
765 900 
767 781 
767 808 
767 900 
769 770 
769 771 
769 773 
769 777 
769 778 
769 779 
769 788 
769 789 
769 798 
769 823 
769 848 
769 851 
769 877 
772 778 
772 779 
772 781 
772 783 
772 808 
772 855 
772 860 
773 778 
775 776 
775 779 
775 784 
775 805 
775 814 
775 817 
775 818 
775 828 
775 839 
775 852 
775 855 
775 859 
775 880 
775 892 
775 914 
776 855 
778 781 
778 785 
778 788 
778 801 
778 832 
778 835 
778 855 
778 866 
778 877 
778 892 
778 900 
779 781 
779 782 
779 784 
779 785 
779 808 
779 855 
779 877 
780 781 
780 834 
781 785 
781 798 
781 803 
781 823 
781 834 
781 848 
781 855 
781 860 
781 880 
781 893 
782 783 
784 822 
784 835 
785 786 
785 787 
785 798 
785 805 
785 808 
785 826 
785 848 
785 855 
785 858 
785 860 
785 900 
785 916 
790 791 
790 798 
790 802 
790 803 
790 834 
790 836 
790 848 
791 798 
791 866 
794 850 
795 797 
795 808 
796 797 
797 805 
797 808 
797 812 
797 814 
797 818 
797 823 
797 839 
797 844 
797 855 
797 893 
798 799 
798 800 
798 801 
798 802 
798 803 
798 804 
798 814 
798 834 
798 836 
798 848 
798 877 
798 884 
798 916 
801 808 
801 877 
802 803 
802 804 
802 814 
802 834 
802 877 
803 814 
803 834 
803 884 
804 877 
805 808 
805 818 
805 855 
805 864 
806 848 
807 830 
807 832 
807 877 
808 809 
808 810 
808 811 
808 812 
808 813 
808 815 
808 816 
808 818 
808 822 
808 832 
808 844 
808 848 
808 855 
808 864 
808 866 
808 892 
809 834 
809 855 
810 855 
812 818 
812 844 
812 852 
812 855 
812 861 
812 877 
812 916 
813 834 
814 855 
814 877 
814 884 
815 848 
817 820 
817 822 
817 839 
817 850 
817 852 
817 855 
817 859 
817 864 
817 880 
817 914 
819 823 
821 850 
821 914 
822 823 
822 828 
822 832 
822 864 
822 874 
822 875 
822 884 
822 900 
823 824 
823 825 
823 830 
823 855 
823 864 
823 873 
823 877 
823 880 
823 892 
824 844 
824 894 
826 828 
826 838 
826 850 
826 855 
826 880 
826 884 
827 860 
828 829 
828 839 
828 844 
828 859 
828 880 
828 894 
828 898 
830 842 
830 848 
830 880 
830 884 
832 833 
832 874 
832 877 
832 892 
832 900 
832 916 
832 917 
834 842 
835 848 
836 884 
836 900 
838 886 
839 840 
839 848 
841 892 
842 843 
842 866 
844 864 
844 877 
844 887 
844 893 
844 899 
844 916 
845 846 
847 887 
847 916 
848 850 
848 855 
848 864 
848 866 
848 875 
848 877 
848 880 
848 900 
848 913 
848 916 
850 875 
850 880 
850 890 
850 914 
850 920 
852 853 
852 854 
852 855 
852 859 
852 864 
855 856 
855 857 
855 858 
855 859 
855 864 
855 880 
855 887 
855 891 
857 900 
859 864 
861 862 
861 863 
864 865 
864 875 
864 877 
864 900 
866 867 
869 870 
874 895 
874 900 
875 876 
875 880 
877 878 
877 879 
877 887 
877 892 
877 893 
877 894 
877 899 
877 916 
880 881 
880 900 
880 914 
882 883 
887 888 
887 889 
887 893 
887 899 
887 916 
892 900 
893 899 
895 900 
899 916 
900 901 
900 902 
900 903 
900 904 
900 905 
900 906 
900 907 
900 908 
900 909 
900 910 
900 911 
900 912 
