0 1 
0 2 
0 3 
1 4 
1 5 
1 6 
1 7 
1 8 
2 9 
2 10 
2 11 
2 12 
3 13 
3 14 
4 503 
7 505 
8 520 
9 504 
9 510 
9 514 
9 515 
10 572 
10 573 
11 574 
11 532 
12 575 
12 576 
12 577 
13 528 
13 591 
13 572 
14 624 
15 16 
15 17 
15 18 
15 19 
16 20 
16 21 
17 22 
18 22 
19 23 
19 24 
20 3907 
20 3695 
20 3883 
20 3836 
21 3928 
22 3514 
22 3547 
22 3550 
22 3551 
22 3552 
22 3502 
22 3553 
23 3691 
23 3961 
25 26 
26 27 
26 28 
27 3650 
27 3664 
28 3692 
28 3693 
28 3654 
28 3665 
28 3596 
28 3597 
28 3779 
29 30 
30 31 
30 32 
32 4940 
33 34 
34 35 
34 36 
34 37 
34 38 
34 39 
34 40 
34 41 
35 201 
36 212 
37 207 
37 213 
37 214 
37 190 
37 94 
38 271 
40 212 
40 272 
41 206 
42 43 
42 44 
43 45 
43 46 
43 47 
43 48 
44 49 
46 77 
46 78 
46 79 
46 80 
48 81 
48 82 
49 95 
49 97 
50 51 
51 52 
51 53 
53 54 
53 55 
53 56 
53 57 
53 58 
54 59 
55 60 
55 61 
56 62 
57 59 
57 63 
57 60 
57 64 
57 65 
57 66 
58 67 
59 68 
62 136 
62 193 
63 67 
63 127 
63 128 
63 129 
63 130 
63 131 
63 132 
63 133 
64 227 
64 276 
64 245 
64 299 
65 306 
66 68 
66 123 
66 176 
66 181 
66 316 
67 69 
68 71 
68 72 
68 123 
69 70 
70 71 
70 72 
70 73 
70 74 
70 75 
70 76 
71 72 
71 122 
73 182 
74 135 
74 145 
76 172 
76 276 
79 83 
79 84 
80 85 
81 118 
81 179 
82 268 
82 269 
83 87 
85 210 
86 87 
86 88 
87 89 
88 90 
89 91 
90 200 
90 173 
91 92 
91 93 
91 94 
92 186 
92 265 
92 266 
93 272 
93 299 
94 328 
95 96 
96 98 
97 200 
97 180 
98 124 
99 100 
100 101 
100 102 
101 195 
101 102 
101 196 
101 197 
101 198 
101 199 
102 105 
102 129 
102 215 
102 216 
102 217 
103 104 
104 105 
104 106 
104 107 
104 108 
104 109 
105 110 
105 107 
105 113 
105 114 
106 209 
106 259 
108 631 
109 635 
109 274 
109 639 
110 111 
111 112 
112 209 
115 116 
115 117 
116 118 
116 119 
116 120 
117 121 
118 128 
118 119 
118 177 
120 218 
121 173 
123 134 
123 135 
123 138 
123 139 
123 140 
124 125 
125 126 
126 200 
128 178 
131 215 
132 284 
133 285 
134 135 
135 136 
135 137 
136 194 
137 308 
138 152 
138 156 
140 193 
141 142 
141 143 
142 144 
143 145 
143 146 
144 148 
144 162 
144 218 
144 173 
144 219 
144 220 
145 147 
145 149 
146 292 
147 148 
149 290 
150 151 
151 152 
151 153 
152 154 
152 155 
152 156 
153 157 
154 158 
154 159 
154 160 
154 161 
154 162 
155 163 
155 164 
155 165 
155 166 
155 167 
155 168 
157 175 
161 169 
161 170 
161 171 
161 172 
162 173 
162 174 
163 221 
163 222 
163 223 
163 224 
163 225 
165 226 
165 227 
166 187 
166 234 
166 235 
166 236 
166 237 
166 238 
166 239 
166 240 
166 230 
167 241 
167 242 
167 234 
167 243 
168 244 
171 186 
172 192 
173 180 
173 290 
173 291 
174 205 
175 176 
176 270 
176 317 
177 180 
178 181 
180 219 
181 183 
182 183 
182 184 
182 185 
183 260 
184 320 
186 187 
186 188 
186 189 
186 190 
186 191 
187 293 
191 266 
191 324 
191 325 
191 326 
192 260 
192 263 
192 264 
194 287 
194 288 
194 289 
196 270 
197 286 
197 758 
197 198 
197 710 
197 759 
197 760 
197 761 
197 762 
197 763 
197 764 
197 302 
197 765 
197 766 
197 767 
197 768 
197 769 
197 770 
198 298 
198 783 
198 784 
201 202 
201 203 
202 204 
202 205 
202 206 
203 207 
203 208 
203 204 
204 282 
205 283 
207 213 
207 214 
207 208 
209 254 
210 211 
211 265 
217 764 
217 2819 
217 2820 
224 228 
224 229 
225 230 
225 231 
225 232 
225 233 
227 245 
227 246 
228 1232 
229 1301 
231 1302 
232 2631 
233 4923 
234 1281 
234 1282 
234 1222 
235 1288 
235 1293 
237 1306 
241 1215 
241 1217 
241 1224 
241 1225 
241 1226 
241 1227 
241 1228 
241 1229 
241 1230 
242 1248 
243 1299 
244 2499 
245 296 
245 297 
245 298 
246 298 
246 300 
246 301 
246 302 
247 248 
247 249 
248 250 
248 251 
249 252 
249 253 
250 260 
250 251 
250 261 
252 312 
252 313 
254 255 
254 256 
255 256 
255 257 
256 258 
257 276 
257 303 
258 273 
259 273 
259 274 
259 275 
261 262 
262 264 
262 321 
262 322 
263 313 
264 314 
266 267 
267 1291 
267 1292 
268 327 
272 323 
274 634 
274 636 
274 637 
275 646 
276 277 
276 278 
276 279 
276 280 
276 281 
281 309 
281 310 
282 283 
284 286 
285 292 
285 311 
293 294 
293 295 
294 1231 
295 1235 
295 1303 
298 307 
300 307 
300 301 
300 684 
300 806 
300 807 
300 808 
301 1158 
301 1159 
301 1160 
302 4356 
302 806 
303 304 
303 305 
304 637 
304 650 
305 978 
307 705 
307 709 
307 710 
309 626 
309 627 
309 643 
309 644 
309 645 
310 808 
312 314 
313 315 
315 322 
316 318 
317 319 
318 2630 
321 327 
324 1239 
324 1206 
324 1248 
324 1259 
324 326 
325 1289 
326 1259 
329 330 
329 331 
329 332 
330 333 
330 334 
330 335 
330 336 
330 337 
331 338 
331 339 
333 334 
333 413 
333 414 
333 415 
335 346 
335 417 
336 413 
338 346 
338 470 
338 472 
339 489 
340 341 
340 342 
340 343 
341 344 
341 345 
341 346 
342 347 
343 348 
343 349 
344 346 
344 350 
344 351 
344 352 
344 353 
344 354 
345 355 
345 356 
347 375 
347 348 
348 375 
348 482 
348 485 
348 486 
349 502 
350 360 
350 419 
350 352 
350 420 
351 382 
351 419 
351 421 
351 385 
352 368 
352 421 
353 481 
354 464 
354 378 
357 358 
357 359 
358 360 
358 361 
358 362 
358 363 
358 364 
359 365 
359 366 
359 367 
360 364 
360 368 
360 369 
360 370 
360 371 
360 372 
363 372 
365 426 
366 463 
367 433 
367 499 
367 500 
368 405 
368 406 
368 408 
368 410 
369 419 
369 401 
370 408 
370 409 
370 411 
370 412 
372 411 
373 374 
373 375 
374 375 
374 376 
374 377 
375 378 
376 464 
377 382 
379 380 
379 381 
380 382 
380 383 
380 384 
381 385 
381 386 
382 389 
382 383 
382 399 
383 393 
385 450 
385 453 
385 454 
387 388 
388 389 
388 390 
389 391 
389 392 
389 393 
390 401 
390 402 
391 394 
391 395 
391 396 
391 397 
391 398 
392 393 
393 400 
394 405 
394 406 
394 398 
395 422 
396 397 
396 423 
402 497 
403 404 
404 405 
405 406 
405 407 
405 408 
406 407 
406 408 
406 409 
407 408 
408 409 
408 411 
408 412 
409 411 
409 412 
411 412 
412 466 
413 415 
413 416 
414 415 
416 439 
417 418 
418 4524 
418 4526 
418 4527 
420 467 
420 468 
421 423 
423 424 
423 425 
424 431 
425 431 
426 427 
426 428 
426 429 
426 430 
427 431 
427 432 
427 433 
428 429 
428 434 
428 435 
432 434 
433 436 
433 437 
436 437 
438 439 
438 440 
439 441 
440 442 
440 443 
441 495 
441 496 
442 4542 
442 4566 
442 4525 
444 445 
445 446 
445 447 
445 448 
446 479 
446 447 
447 480 
447 452 
449 450 
450 451 
451 452 
453 455 
453 456 
453 457 
453 458 
453 459 
453 460 
454 460 
454 477 
457 461 
460 462 
464 465 
465 488 
467 1561 
467 1569 
467 1570 
468 1828 
468 1835 
468 1836 
469 470 
470 471 
471 473 
471 474 
471 475 
471 476 
472 501 
473 4594 
473 474 
473 4595 
474 4595 
474 1738 
475 4597 
478 479 
480 498 
482 483 
482 484 
484 487 
489 490 
489 491 
489 492 
489 493 
489 494 
490 1322 
490 1327 
491 1333 
491 1334 
492 1327 
492 1347 
493 1736 
494 1738 
494 1739 
495 4513 
495 496 
495 4524 
495 4525 
495 4526 
495 4527 
495 4528 
496 4513 
496 4524 
496 4525 
496 4528 
503 504 
503 505 
503 506 
503 507 
503 508 
504 509 
504 510 
505 511 
506 507 
506 511 
507 512 
508 513 
509 510 
509 516 
509 517 
509 518 
509 519 
512 513 
512 603 
513 557 
513 599 
513 600 
513 601 
513 602 
514 560 
514 561 
514 562 
514 563 
514 517 
514 564 
514 530 
515 565 
515 566 
515 567 
515 568 
515 569 
516 542 
516 557 
516 558 
517 530 
517 573 
518 613 
519 614 
520 2487 
521 522 
522 523 
522 524 
522 525 
522 526 
523 541 
524 606 
524 607 
524 605 
524 525 
525 601 
526 548 
526 616 
527 528 
527 529 
529 530 
529 531 
529 532 
529 533 
529 534 
529 535 
529 536 
529 537 
529 538 
529 539 
530 537 
531 1067 
531 1076 
532 2424 
532 2425 
533 2590 
533 2592 
534 2596 
535 2543 
536 2597 
536 2613 
536 1076 
537 2617 
538 1076 
539 2620 
540 541 
541 542 
541 543 
541 544 
542 545 
542 546 
542 547 
543 548 
543 549 
544 550 
545 547 
545 551 
545 552 
545 553 
545 554 
545 555 
546 556 
547 559 
548 570 
549 556 
549 571 
550 556 
550 559 
550 589 
550 590 
553 581 
553 582 
554 583 
554 584 
554 585 
555 586 
555 587 
556 588 
556 571 
558 607 
558 604 
564 578 
564 579 
564 580 
565 2480 
565 567 
566 567 
566 2481 
566 2482 
566 2483 
566 2484 
566 2485 
566 2486 
566 2487 
567 2488 
567 575 
567 2489 
568 777 
568 569 
568 2498 
568 2499 
568 2500 
568 2501 
568 2502 
569 2427 
569 2500 
569 2501 
572 592 
573 608 
574 1004 
575 2488 
575 2492 
575 2493 
575 2494 
575 2495 
575 2496 
575 2497 
576 2487 
576 2541 
576 2544 
576 577 
577 2637 
578 2457 
578 2459 
578 2460 
579 2472 
580 2463 
580 2470 
582 593 
582 594 
584 618 
585 619 
585 620 
586 609 
586 610 
587 596 
587 590 
590 617 
592 622 
593 1431 
593 1944 
593 1875 
593 1947 
595 596 
595 597 
597 598 
598 1858 
600 603 
601 604 
602 605 
602 604 
609 611 
609 612 
611 1696 
611 1868 
611 1449 
611 1675 
611 1871 
611 1468 
611 1872 
611 1873 
611 1874 
612 1877 
613 615 
614 4225 
614 4195 
614 4271 
615 1749 
615 1750 
619 1528 
619 1945 
619 1960 
620 1961 
620 1953 
620 1954 
621 622 
622 623 
623 624 
625 626 
625 627 
626 628 
626 629 
627 630 
628 635 
628 638 
629 642 
630 632 
630 4413 
631 632 
632 2818 
632 4412 
633 634 
634 635 
636 640 
636 646 
636 647 
636 649 
636 641 
638 639 
638 640 
639 641 
643 644 
643 3234 
644 3228 
644 4377 
644 3234 
644 4411 
646 647 
646 648 
648 649 
650 832 
650 905 
650 860 
650 906 
650 907 
651 652 
651 653 
652 654 
653 655 
653 656 
653 657 
654 656 
654 1902 
654 1904 
654 1848 
655 1430 
655 1602 
655 1795 
655 1849 
655 1850 
655 1851 
655 1852 
655 656 
655 657 
657 1597 
657 1718 
657 1902 
657 1728 
657 1903 
657 1904 
657 1905 
657 1848 
657 1906 
658 659 
658 660 
658 661 
658 662 
658 663 
658 664 
658 665 
658 666 
658 667 
658 668 
658 669 
659 670 
659 671 
660 666 
660 667 
660 668 
660 672 
660 673 
660 674 
660 675 
660 676 
660 677 
660 678 
660 679 
660 680 
661 665 
661 681 
661 682 
661 683 
661 684 
662 670 
662 685 
662 686 
662 687 
662 688 
662 689 
662 690 
662 691 
663 692 
663 693 
664 694 
664 695 
664 696 
664 697 
664 698 
665 699 
666 700 
667 701 
668 702 
669 703 
670 2667 
670 2668 
670 2669 
670 2670 
670 2671 
670 685 
671 2672 
671 2673 
671 2674 
671 2675 
671 2676 
672 2724 
672 2728 
672 2729 
672 3038 
672 673 
672 3106 
672 3107 
672 674 
672 2730 
673 2671 
673 674 
675 676 
675 680 
675 3168 
675 3169 
676 2674 
676 3169 
676 3170 
676 3171 
676 3172 
677 3173 
677 696 
677 3174 
677 3175 
679 3158 
679 3176 
679 3177 
679 3178 
681 682 
681 2954 
681 2955 
682 2670 
682 683 
683 2966 
683 2899 
683 3024 
683 3025 
684 3179 
686 3157 
686 687 
690 3158 
693 3336 
693 3384 
696 3450 
696 3173 
696 3170 
696 3452 
696 3174 
696 3453 
696 3454 
696 3455 
704 705 
705 706 
705 707 
706 708 
707 711 
708 724 
708 725 
708 711 
708 726 
708 727 
708 728 
709 711 
710 737 
710 738 
711 715 
711 716 
711 717 
711 789 
711 726 
712 713 
713 714 
713 715 
713 716 
713 717 
715 718 
715 719 
716 720 
717 721 
717 722 
717 723 
718 787 
719 788 
720 800 
720 802 
723 803 
723 804 
723 805 
724 725 
725 729 
725 730 
725 731 
726 795 
727 801 
728 801 
729 755 
729 756 
729 757 
729 730 
729 731 
730 757 
731 757 
731 739 
732 733 
732 734 
732 735 
733 736 
733 737 
733 738 
733 739 
733 740 
733 741 
734 736 
734 742 
734 743 
734 744 
734 745 
735 746 
735 740 
736 747 
740 749 
740 753 
741 747 
741 749 
741 753 
742 796 
743 801 
744 801 
745 800 
745 802 
746 747 
748 749 
748 750 
748 751 
752 753 
753 754 
759 1096 
759 1101 
759 1102 
760 783 
760 1110 
760 1111 
760 1112 
761 1098 
761 1115 
762 1145 
763 1116 
764 2818 
765 4603 
765 4604 
766 4605 
766 4606 
771 772 
772 773 
773 774 
773 775 
773 776 
773 777 
776 778 
777 781 
777 782 
778 779 
778 780 
779 2626 
780 4288 
781 1156 
781 2498 
781 2600 
782 2622 
782 2456 
783 785 
784 786 
785 1105 
785 1106 
785 1107 
786 1116 
786 1117 
786 1118 
786 1119 
786 1120 
786 1108 
786 1121 
786 1122 
786 1123 
786 1124 
786 1125 
786 1126 
786 1127 
787 788 
787 790 
788 791 
789 792 
789 793 
793 794 
794 4373 
796 797 
796 798 
797 799 
797 800 
803 3179 
803 4339 
803 4332 
803 804 
803 4343 
803 4344 
803 4345 
804 3229 
805 4408 
806 4361 
806 4423 
807 3228 
807 808 
808 4056 
809 810 
809 811 
809 812 
809 813 
810 814 
810 815 
810 816 
810 817 
810 818 
814 895 
814 896 
814 897 
814 898 
814 899 
814 900 
814 901 
814 902 
815 912 
815 913 
815 914 
815 915 
816 835 
816 913 
816 918 
816 919 
816 920 
816 906 
817 831 
817 922 
817 923 
817 916 
818 909 
818 941 
819 820 
819 821 
819 822 
820 823 
820 824 
820 825 
820 826 
822 825 
822 827 
824 863 
824 867 
824 868 
824 869 
824 870 
825 871 
825 843 
826 872 
826 873 
828 829 
829 830 
829 831 
830 832 
830 833 
830 834 
830 835 
830 836 
831 837 
831 838 
832 903 
832 904 
835 911 
838 920 
838 925 
838 926 
839 840 
839 841 
840 842 
841 843 
841 844 
841 845 
841 846 
841 847 
844 870 
844 888 
844 856 
844 893 
844 932 
844 958 
845 882 
847 936 
847 970 
848 849 
848 850 
849 850 
849 851 
849 852 
849 853 
849 854 
850 855 
850 856 
850 857 
850 858 
850 859 
850 860 
850 851 
850 861 
852 972 
855 929 
855 856 
856 857 
856 930 
856 931 
856 932 
857 867 
857 935 
857 932 
857 937 
858 930 
858 943 
859 963 
860 867 
860 868 
860 870 
860 907 
860 964 
862 863 
862 864 
863 865 
864 866 
865 871 
865 866 
865 881 
865 882 
867 870 
868 870 
868 874 
869 875 
869 876 
869 877 
870 878 
870 879 
870 880 
873 951 
873 962 
874 885 
874 886 
874 930 
874 933 
875 949 
875 951 
881 927 
881 928 
883 884 
884 885 
884 886 
884 887 
884 888 
884 889 
885 890 
886 891 
886 892 
886 893 
887 892 
888 894 
892 939 
892 940 
896 908 
896 909 
905 913 
905 921 
906 966 
907 968 
909 910 
915 916 
915 917 
916 924 
920 965 
928 947 
928 948 
930 942 
930 939 
930 933 
932 959 
933 946 
934 935 
935 936 
936 938 
939 944 
939 945 
945 967 
947 960 
947 958 
949 950 
949 951 
949 952 
950 953 
950 954 
951 955 
952 956 
952 957 
953 971 
956 969 
958 961 
964 973 
964 974 
964 975 
964 976 
964 977 
964 978 
973 4048 
973 4061 
974 4100 
974 4090 
974 4101 
974 4102 
974 4103 
975 4110 
976 4025 
976 4051 
976 4029 
976 977 
976 4053 
976 4054 
977 4111 
977 4112 
977 4113 
978 4114 
979 980 
979 981 
979 982 
980 983 
980 984 
980 985 
980 986 
981 987 
981 988 
982 986 
982 989 
982 990 
983 984 
983 991 
983 992 
983 987 
984 985 
984 993 
984 994 
985 995 
985 996 
985 997 
985 998 
986 999 
986 1000 
988 1029 
989 1002 
989 1018 
990 1011 
990 1013 
993 1030 
994 1031 
994 1032 
996 1040 
997 1045 
997 1046 
997 1047 
997 1048 
998 1024 
998 1025 
998 1040 
999 1001 
999 1002 
999 1003 
999 1004 
999 1005 
1002 1006 
1002 1010 
1002 1011 
1002 1012 
1005 1021 
1005 1020 
1005 1022 
1006 1007 
1006 1008 
1006 1009 
1007 1008 
1007 1011 
1007 1013 
1008 1014 
1008 1013 
1008 1015 
1008 1016 
1009 1016 
1009 1017 
1012 1017 
1012 1019 
1012 1020 
1014 1023 
1014 1024 
1014 1025 
1014 1016 
1014 1026 
1014 1027 
1014 1028 
1016 1052 
1017 1068 
1017 1069 
1018 1067 
1019 1078 
1020 1075 
1021 1024 
1021 1074 
1021 1075 
1022 1049 
1022 1050 
1022 1551 
1024 1036 
1025 1036 
1025 1040 
1025 1041 
1025 1042 
1025 1043 
1025 1044 
1026 1038 
1028 1070 
1029 1030 
1030 1033 
1030 1034 
1030 1035 
1031 1057 
1031 1062 
1032 1065 
1032 1066 
1033 2603 
1034 2516 
1035 2645 
1035 2646 
1035 1065 
1036 1037 
1037 1038 
1037 1039 
1038 1053 
1039 1054 
1041 1055 
1042 1071 
1043 1090 
1045 1049 
1046 1050 
1047 1051 
1048 1051 
1051 1057 
1051 1060 
1051 1061 
1053 1064 
1054 1064 
1054 1093 
1056 1057 
1057 1058 
1057 1059 
1058 1062 
1058 1063 
1066 4938 
1069 1085 
1071 1072 
1071 1073 
1072 4940 
1073 1094 
1075 1086 
1075 1087 
1075 1088 
1075 1089 
1077 1078 
1078 1079 
1078 1080 
1079 1081 
1079 1082 
1079 1083 
1080 1084 
1081 1085 
1081 1083 
1083 1091 
1083 1092 
1084 1859 
1086 1327 
1086 1529 
1086 1536 
1086 1556 
1086 1557 
1086 1558 
1087 1863 
1088 1551 
1089 1558 
1091 1751 
1092 1582 
1093 1094 
1095 1096 
1095 1097 
1096 1098 
1097 1099 
1097 1100 
1098 1103 
1098 1104 
1099 1161 
1099 1129 
1099 1162 
1099 1163 
1099 1164 
1099 1165 
1099 1166 
1099 1167 
1100 1151 
1101 1113 
1102 1114 
1105 1107 
1105 1108 
1106 1109 
1109 1137 
1109 1111 
1109 1152 
1110 1150 
1110 1151 
1111 1152 
1112 1153 
1113 1128 
1113 1135 
1113 1136 
1113 1137 
1113 1138 
1114 1148 
1114 1132 
1116 1128 
1116 1129 
1116 1130 
1119 1120 
1119 1131 
1120 1132 
1120 1133 
1120 1134 
1128 1138 
1128 1139 
1128 1140 
1128 1141 
1128 1142 
1128 1143 
1128 1144 
1129 1143 
1130 1179 
1130 1180 
1130 1181 
1131 1185 
1132 1148 
1133 1137 
1134 1165 
1134 1191 
1135 1145 
1137 1146 
1138 1147 
1139 1145 
1140 1145 
1141 1182 
1143 1144 
1143 1147 
1143 1170 
1144 1170 
1144 1189 
1146 1152 
1147 1191 
1148 1149 
1149 1152 
1149 1153 
1149 1185 
1149 1191 
1150 1154 
1151 1166 
1151 1183 
1151 1184 
1152 1184 
1152 1153 
1153 1184 
1153 1188 
1154 1155 
1155 1156 
1157 1158 
1161 1168 
1161 1169 
1163 1166 
1164 1170 
1165 1171 
1167 1172 
1167 1173 
1168 1174 
1168 1175 
1168 1176 
1168 1177 
1168 1178 
1170 1190 
1171 1186 
1171 1191 
1172 1194 
1172 1195 
1173 1196 
1173 1197 
1183 1185 
1184 1186 
1184 1187 
1184 1188 
1186 1190 
1187 1190 
1189 1192 
1189 1193 
1192 1198 
1192 1199 
1193 1200 
1193 1201 
1202 1203 
1202 1204 
1203 1205 
1203 1206 
1205 1209 
1205 1213 
1205 1214 
1206 1244 
1206 1250 
1206 1251 
1206 1252 
1206 1253 
1206 1254 
1206 1255 
1206 1256 
1206 1257 
1207 1208 
1207 1209 
1207 1210 
1208 1210 
1210 1211 
1210 1212 
1211 1245 
1211 1247 
1212 1219 
1212 1289 
1212 1258 
1212 1295 
1213 1238 
1213 1239 
1214 1240 
1214 1241 
1215 1216 
1215 1217 
1215 1218 
1217 1219 
1218 1220 
1218 1221 
1218 1222 
1218 1223 
1219 1289 
1219 1290 
1220 1281 
1220 1283 
1221 1281 
1221 1286 
1222 1288 
1223 1294 
1223 1304 
1224 1231 
1224 1234 
1224 1235 
1225 1231 
1225 1236 
1226 1232 
1227 1281 
1227 1284 
1227 1285 
1228 1281 
1228 1284 
1228 1285 
1229 1299 
1229 1305 
1229 1300 
1230 1305 
1230 1300 
1230 1285 
1231 1232 
1232 1233 
1233 1235 
1233 1237 
1238 1242 
1239 1243 
1243 1277 
1243 1251 
1244 1245 
1244 1246 
1244 1247 
1245 1247 
1245 1248 
1246 1249 
1247 1258 
1249 1252 
1250 1266 
1251 1277 
1251 1280 
1252 1268 
1252 1275 
1252 1276 
1252 1271 
1252 1296 
1252 1297 
1253 1275 
1254 1298 
1259 1296 
1260 1261 
1260 1262 
1260 1263 
1260 1264 
1260 1265 
1261 1266 
1261 1267 
1261 1268 
1262 1266 
1262 1269 
1262 1270 
1263 1271 
1264 1272 
1264 1273 
1265 1274 
1266 1275 
1266 1276 
1267 1277 
1269 1275 
1269 1278 
1270 1274 
1270 1279 
1270 1280 
1272 1273 
1273 1277 
1273 1279 
1278 1298 
1282 1287 
1283 1288 
1284 1299 
1285 1300 
1286 1304 
1286 1309 
1289 1291 
1293 1294 
1294 1304 
1299 1300 
1301 1302 
1306 1307 
1306 1308 
1307 3686 
1307 3867 
1308 3893 
1308 4935 
1308 4936 
1310 1311 
1310 1312 
1310 1313 
1310 1314 
1310 1315 
1311 1316 
1312 1316 
1313 1317 
1313 1318 
1314 1319 
1315 1317 
1316 1320 
1316 1321 
1317 2233 
1317 2234 
1318 2143 
1319 2328 
1320 1791 
1320 1787 
1320 1801 
1320 1802 
1320 1803 
1320 1383 
1320 1804 
1321 1372 
1322 1323 
1322 1324 
1322 1325 
1322 1326 
1323 1328 
1323 1329 
1324 1330 
1325 1331 
1326 1332 
1327 1335 
1327 1336 
1327 1337 
1327 1338 
1327 1339 
1327 1334 
1327 1340 
1328 1737 
1329 1885 
1330 2055 
1331 1932 
1332 2127 
1335 1508 
1335 1336 
1335 1514 
1336 1509 
1336 1526 
1337 1509 
1337 1530 
1337 1531 
1337 1532 
1337 1533 
1337 1534 
1337 1518 
1338 1551 
1339 1430 
1339 1531 
1339 1340 
1339 1552 
1339 1463 
1339 1553 
1339 1554 
1339 1472 
1339 1555 
1340 1535 
1341 1342 
1341 1343 
1341 1344 
1342 1345 
1343 1346 
1344 1347 
1345 1511 
1345 1526 
1345 1582 
1345 2149 
1346 2176 
1348 1349 
1348 1350 
1348 1351 
1349 1352 
1350 1352 
1350 1353 
1350 1354 
1351 1355 
1351 1356 
1352 1357 
1352 1358 
1352 1359 
1352 1360 
1352 1361 
1352 1362 
1353 1712 
1353 1713 
1353 2168 
1354 2169 
1355 1708 
1355 1709 
1356 2319 
1357 1701 
1357 1712 
1358 1701 
1358 1713 
1359 1369 
1359 1380 
1359 2046 
1360 1375 
1360 2084 
1361 1874 
1362 2052 
1363 1364 
1363 1365 
1363 1366 
1363 1367 
1363 1368 
1363 1369 
1363 1370 
1364 1371 
1364 1372 
1365 1366 
1366 1373 
1367 1374 
1367 1375 
1367 1376 
1368 1377 
1370 1378 
1370 1379 
1371 1380 
1371 1381 
1372 1382 
1372 1383 
1372 1384 
1372 1385 
1372 1386 
1373 1481 
1374 1791 
1375 2083 
1376 2083 
1376 2092 
1376 2093 
1377 1767 
1377 1380 
1377 2047 
1377 2048 
1380 2044 
1380 2045 
1381 1403 
1381 1462 
1381 1788 
1382 1834 
1382 1851 
1382 1852 
1382 1835 
1382 1854 
1384 1689 
1387 1388 
1387 1389 
1387 1390 
1388 1391 
1389 1392 
1390 1393 
1391 2245 
1392 1840 
1393 1747 
1393 2096 
1394 1395 
1394 1396 
1394 1397 
1394 1398 
1394 1399 
1394 1400 
1394 1401 
1395 1402 
1395 1403 
1396 1402 
1396 1404 
1396 1405 
1396 1406 
1397 1407 
1397 1408 
1398 1409 
1398 1410 
1398 1411 
1399 1412 
1399 1413 
1400 1414 
1401 1415 
1401 1416 
1401 1417 
1401 1418 
1401 1419 
1401 1420 
1401 1421 
1401 1422 
1402 1423 
1403 1424 
1403 1425 
1403 1426 
1403 1409 
1403 1427 
1404 1922 
1404 1924 
1405 1934 
1406 1935 
1407 1620 
1407 1408 
1408 1975 
1410 2069 
1410 2070 
1410 2071 
1411 2072 
1411 2073 
1411 2074 
1411 2075 
1412 1935 
1413 2103 
1414 1621 
1415 2258 
1415 2259 
1415 2260 
1415 2244 
1416 2072 
1416 2261 
1418 2262 
1419 2263 
1419 2264 
1420 2265 
1422 2266 
1423 1748 
1423 1760 
1424 1458 
1424 1459 
1424 1460 
1424 1461 
1425 1459 
1425 1461 
1425 1661 
1425 1683 
1425 1684 
1426 1461 
1426 1683 
1427 1620 
1428 1429 
1428 1430 
1428 1431 
1429 1432 
1430 1431 
1430 1433 
1430 1434 
1430 1435 
1431 1436 
1431 1437 
1431 1438 
1431 1439 
1431 1440 
1431 1441 
1432 1442 
1432 1443 
1433 1780 
1433 1435 
1433 1782 
1433 1783 
1433 1784 
1433 1785 
1434 1443 
1434 1878 
1434 1879 
1434 1880 
1436 1469 
1436 1471 
1436 1472 
1436 1473 
1436 1474 
1436 1475 
1436 1476 
1436 1477 
1436 1478 
1436 1479 
1437 1459 
1437 1834 
1438 1478 
1438 2154 
1440 1479 
1441 2218 
1442 1444 
1444 1981 
1444 1982 
1445 1446 
1446 1447 
1446 1448 
1446 1449 
1446 1450 
1446 1451 
1446 1452 
1446 1453 
1446 1454 
1446 1455 
1446 1456 
1446 1457 
1447 1486 
1447 1487 
1447 1488 
1448 1501 
1451 2004 
1451 2005 
1452 1955 
1453 2006 
1454 2007 
1456 2008 
1457 1505 
1459 1460 
1459 1462 
1459 1463 
1460 1464 
1460 1465 
1460 1466 
1461 1467 
1461 1468 
1462 1661 
1462 1678 
1462 1685 
1463 1828 
1463 1834 
1464 1962 
1464 2090 
1466 1468 
1466 2094 
1467 1694 
1469 1470 
1470 1480 
1471 1501 
1472 1901 
1473 1666 
1473 2016 
1474 1504 
1474 1979 
1474 2020 
1474 1981 
1475 1702 
1475 2121 
1476 1554 
1476 1982 
1477 2122 
1478 2123 
1479 2124 
1480 1583 
1481 1482 
1481 1483 
1482 1484 
1483 1485 
1484 2274 
1485 1756 
1486 1489 
1486 1490 
1487 1491 
1489 2041 
1491 2120 
1492 1493 
1492 1494 
1492 1495 
1494 1496 
1494 1497 
1494 1498 
1494 1499 
1494 1500 
1496 1497 
1496 1537 
1497 1538 
1497 1539 
1497 1540 
1497 1541 
1498 1560 
1498 1564 
1498 1565 
1498 1566 
1498 1567 
1499 1561 
1499 1571 
1499 1538 
1499 1572 
1500 1540 
1501 1502 
1501 1503 
1501 1504 
1501 1505 
1501 1506 
1501 1507 
1502 1583 
1503 1584 
1504 1585 
1505 1586 
1506 1587 
1507 1588 
1508 1509 
1508 1510 
1508 1511 
1508 1512 
1508 1513 
1509 1515 
1509 1516 
1509 1517 
1510 1518 
1511 1517 
1511 1519 
1512 1520 
1513 1521 
1513 1522 
1513 1523 
1513 1524 
1513 1525 
1514 1527 
1514 1528 
1514 1529 
1515 1520 
1516 1535 
1518 1550 
1519 2149 
1520 1524 
1521 1930 
1522 1963 
1523 1823 
1523 1535 
1524 2003 
1526 1536 
1527 1577 
1527 1578 
1528 1581 
1529 1582 
1530 1532 
1530 1543 
1531 1544 
1531 1545 
1531 1546 
1532 1547 
1533 1548 
1534 1549 
1535 1931 
1535 2003 
1536 1752 
1537 1542 
1540 1541 
1541 2101 
1541 2102 
1542 1638 
1542 1639 
1542 1640 
1542 1641 
1542 1642 
1544 1897 
1545 1898 
1546 1899 
1547 2213 
1547 2214 
1548 2128 
1549 1899 
1551 1559 
1552 1828 
1552 1830 
1552 1831 
1552 1832 
1554 1900 
1555 1804 
1556 1886 
1556 2034 
1556 2035 
1556 2036 
1559 1957 
1559 1960 
1560 1561 
1560 1562 
1560 1563 
1562 1563 
1562 1564 
1562 1568 
1564 1567 
1564 1570 
1565 1573 
1565 1574 
1566 1568 
1567 1575 
1567 1576 
1568 2419 
1571 1716 
1572 1643 
1572 2134 
1577 1579 
1578 1580 
1579 2082 
1580 1582 
1581 1959 
1581 1966 
1581 2132 
1581 2133 
1582 1751 
1583 1936 
1583 1587 
1583 1937 
1583 1938 
1584 2146 
1585 2362 
1586 2378 
1588 2337 
1589 1590 
1589 1591 
1589 1592 
1589 1593 
1589 1594 
1589 1595 
1590 1596 
1590 1597 
1591 1596 
1591 1598 
1591 1599 
1591 1600 
1591 1601 
1592 1602 
1592 1603 
1592 1604 
1592 1605 
1592 1606 
1592 1607 
1592 1608 
1592 1609 
1593 1610 
1594 1606 
1595 1598 
1596 1611 
1597 1598 
1597 1612 
1598 1603 
1598 1604 
1598 1599 
1598 1845 
1598 1848 
1599 1723 
1599 1728 
1599 1845 
1600 1723 
1600 1896 
1600 1601 
1601 2066 
1601 2067 
1601 1610 
1602 1780 
1602 1786 
1602 1787 
1603 1843 
1603 1604 
1603 1605 
1604 1843 
1604 1612 
1604 1845 
1604 1844 
1604 1846 
1605 1847 
1606 1687 
1607 1687 
1608 1688 
1611 2068 
1612 1849 
1613 1614 
1613 1615 
1613 1616 
1613 1617 
1613 1618 
1614 1619 
1614 1620 
1615 1621 
1615 1622 
1616 1623 
1616 1624 
1617 1625 
1617 1626 
1617 1627 
1617 1628 
1618 1629 
1618 1630 
1619 1631 
1619 1632 
1619 1633 
1620 1634 
1620 1635 
1620 1636 
1620 1637 
1622 2009 
1622 2010 
1622 2011 
1623 1631 
1623 1677 
1623 1678 
1623 1679 
1623 1680 
1623 1681 
1624 2129 
1624 2130 
1625 1683 
1626 1665 
1626 1857 
1626 1842 
1627 2152 
1629 2280 
1629 2281 
1630 2174 
1631 1656 
1631 1661 
1631 1662 
1631 1663 
1631 1664 
1631 1665 
1631 1666 
1631 1667 
1632 1816 
1633 1817 
1633 1818 
1633 1819 
1633 1820 
1635 2069 
1636 2178 
1637 1873 
1638 1643 
1638 1644 
1638 1645 
1638 1646 
1638 1647 
1638 1648 
1638 1649 
1638 1650 
1638 1651 
1639 1652 
1640 1653 
1641 1654 
1642 1655 
1643 1716 
1643 1722 
1643 1725 
1643 1726 
1643 1727 
1644 2185 
1645 2186 
1646 2187 
1647 2136 
1648 1654 
1649 2185 
1650 2188 
1651 2189 
1652 2114 
1653 1894 
1654 2187 
1654 2416 
1655 1729 
1655 2191 
1655 2409 
1656 1657 
1656 1658 
1656 1659 
1656 1660 
1657 1668 
1657 1669 
1659 1670 
1660 1671 
1661 1672 
1662 1672 
1662 1673 
1662 1674 
1664 1675 
1665 1676 
1667 1682 
1668 1671 
1668 1824 
1668 1825 
1669 1826 
1670 2335 
1675 2033 
1676 2108 
1677 1773 
1677 1774 
1679 1767 
1679 1788 
1680 2117 
1680 1778 
1680 2118 
1681 2117 
1681 2119 
1681 2027 
1682 1701 
1682 1714 
1682 1715 
1682 1685 
1683 1748 
1683 1749 
1683 1750 
1686 1687 
1686 1688 
1686 1689 
1687 1690 
1688 1691 
1688 1692 
1689 1693 
1691 1803 
1691 1693 
1692 1853 
1695 1696 
1695 1697 
1696 1698 
1697 1699 
1699 2289 
1700 1701 
1701 1702 
1703 1704 
1703 1705 
1704 1706 
1705 1707 
1706 2087 
1707 1755 
1708 1710 
1709 1711 
1710 1824 
1711 2168 
1714 1773 
1714 2031 
1715 1775 
1715 2031 
1716 1717 
1716 1718 
1716 1719 
1716 1720 
1717 1721 
1717 1722 
1718 1723 
1718 1724 
1719 1728 
1719 1724 
1719 1729 
1720 1730 
1720 1731 
1720 1732 
1720 1733 
1720 1734 
1720 1735 
1722 1933 
1723 1894 
1723 1895 
1724 1836 
1725 2131 
1726 1831 
1727 1832 
1729 2190 
1729 2191 
1729 2192 
1729 2193 
1729 2194 
1730 1735 
1730 1977 
1731 1733 
1731 1734 
1732 1733 
1733 1735 
1734 1977 
1736 1737 
1738 1739 
1738 4601 
1739 4595 
1739 4602 
1740 1741 
1741 1742 
1741 1743 
1742 1744 
1742 1745 
1743 1746 
1743 1747 
1744 1887 
1744 1888 
1744 1889 
1745 1760 
1745 1892 
1745 1893 
1746 1837 
1746 1839 
1747 1749 
1747 2065 
1748 1749 
1748 1758 
1749 1759 
1750 2032 
1752 1753 
1753 1754 
1754 1755 
1755 2036 
1755 2177 
1755 2401 
1756 1757 
1757 1769 
1758 1761 
1758 1762 
1759 2097 
1759 2098 
1760 2012 
1760 2014 
1761 2657 
1761 2658 
1761 2663 
1762 3025 
1763 1764 
1763 1765 
1763 1766 
1764 1767 
1764 1768 
1765 1769 
1766 1770 
1766 1771 
1766 1772 
1767 1788 
1767 1789 
1767 1790 
1769 2208 
1769 2209 
1770 2044 
1770 2317 
1771 1772 
1771 2318 
1773 1775 
1773 1776 
1773 1777 
1774 1776 
1774 1778 
1774 1779 
1775 2026 
1776 2027 
1776 2028 
1777 2029 
1777 2030 
1779 2027 
1780 1781 
1782 1829 
1782 1939 
1782 1941 
1784 1812 
1784 2113 
1784 2116 
1785 1905 
1786 1795 
1786 1850 
1786 1853 
1786 1787 
1786 1909 
1789 2179 
1789 2180 
1790 2181 
1790 2180 
1790 2182 
1791 1792 
1791 1793 
1791 1794 
1791 1795 
1791 1796 
1791 1797 
1792 1793 
1792 1798 
1793 1799 
1793 1800 
1794 1798 
1794 1805 
1796 1806 
1797 1807 
1797 1808 
1798 2109 
1799 1907 
1799 1908 
1801 1983 
1801 1989 
1802 2056 
1803 2142 
1803 2143 
1803 2144 
1805 2184 
1806 2325 
1807 1808 
1809 1810 
1810 1811 
1810 1812 
1811 1813 
1811 1814 
1811 1815 
1813 1879 
1813 2078 
1813 2079 
1815 2139 
1816 2171 
1816 2172 
1816 2173 
1816 1818 
1816 2174 
1817 2253 
1819 2280 
1819 2281 
1819 2329 
1819 2330 
1820 2049 
1821 1822 
1822 1823 
1824 2206 
1824 2207 
1827 1828 
1828 1829 
1829 1834 
1830 1833 
1833 1967 
1833 1898 
1833 1968 
1833 1969 
1833 1970 
1835 1903 
1836 2131 
1837 1838 
1838 1840 
1839 1841 
1839 1842 
1841 2076 
1842 2032 
1843 1844 
1846 2138 
1847 2202 
1849 1850 
1850 1853 
1850 1854 
1850 1855 
1853 1910 
1853 1911 
1855 2196 
1855 1912 
1855 2204 
1855 2205 
1856 1857 
1856 1858 
1859 1860 
1859 1861 
1860 1862 
1860 1863 
1860 1864 
1861 1865 
1862 1864 
1862 1866 
1864 1867 
1866 1886 
1868 1869 
1868 1870 
1869 1875 
1870 1876 
1870 1877 
1871 1876 
1871 2120 
1875 2222 
1877 2225 
1878 1881 
1878 1882 
1878 1883 
1880 1884 
1881 1940 
1882 1883 
1882 2113 
1882 2114 
1883 2115 
1884 1978 
1885 2341 
1887 1890 
1888 1891 
1890 2025 
1891 1914 
1892 2023 
1892 1925 
1892 2025 
1892 1893 
1892 2024 
1894 1895 
1894 1896 
1897 1971 
1900 2112 
1901 2111 
1902 1976 
1904 2099 
1906 2100 
1909 1911 
1909 1912 
1909 1913 
1910 2195 
1911 2196 
1911 2197 
1912 2327 
1914 1915 
1915 1916 
1916 1926 
1916 1927 
1916 1928 
1916 1929 
1917 1918 
1917 1919 
1918 1920 
1919 1921 
1920 2139 
1921 2088 
1922 1923 
1923 1925 
1926 1927 
1926 2659 
1926 2862 
1926 2863 
1926 2864 
1927 2865 
1928 1929 
1928 2865 
1928 2866 
1928 2867 
1929 2864 
1929 2868 
1929 2869 
1930 1931 
1930 1932 
1934 2012 
1935 1994 
1935 1995 
1935 1996 
1936 2038 
1937 2232 
1938 2163 
1939 1940 
1941 1942 
1941 1943 
1943 2227 
1944 1945 
1945 1946 
1946 1948 
1946 1952 
1946 1953 
1946 1954 
1947 2219 
1947 2223 
1947 2224 
1947 2225 
1948 1949 
1948 1950 
1949 1951 
1950 1955 
1951 1956 
1952 1963 
1952 1966 
1953 2091 
1955 2219 
1956 2223 
1957 1958 
1958 1959 
1959 1961 
1960 1962 
1962 2037 
1963 1964 
1964 1965 
1965 2088 
1967 1971 
1967 1972 
1967 1973 
1970 1974 
1972 2140 
1973 2141 
1974 2366 
1975 2246 
1976 1977 
1977 2106 
1978 1979 
1979 1980 
1980 2123 
1982 2080 
1983 1984 
1983 1985 
1983 1986 
1984 1987 
1985 1988 
1986 1990 
1986 1991 
1986 1992 
1986 1993 
1987 1988 
1988 2159 
1989 2056 
1990 2144 
1990 2353 
1990 2354 
1990 1991 
1993 2062 
1994 1997 
1995 1998 
1995 1999 
1995 2000 
1995 2001 
1996 2002 
1997 2166 
1997 2167 
1998 2275 
1998 1999 
2000 2343 
2001 2369 
2002 2342 
2004 2043 
2005 2094 
2005 2170 
2007 2367 
2009 2345 
2010 2239 
2012 2013 
2012 2014 
2013 2023 
2015 2016 
2015 2017 
2015 2018 
2015 2019 
2017 2020 
2018 2021 
2019 2022 
2021 2121 
2022 2039 
2023 2024 
2024 2025 
2026 2089 
2027 2201 
2027 2311 
2028 2029 
2028 2384 
2029 2294 
2030 2365 
2030 2384 
2031 2254 
2031 2257 
2032 2153 
2033 2042 
2035 2086 
2038 2039 
2038 2040 
2040 2041 
2041 2162 
2044 2049 
2044 2050 
2044 2051 
2044 2052 
2045 2053 
2046 2164 
2046 2165 
2047 2198 
2047 2199 
2048 2200 
2048 2201 
2049 2370 
2050 2211 
2052 2316 
2052 2383 
2054 2055 
2056 2057 
2056 2058 
2056 2059 
2056 2060 
2057 2061 
2058 2060 
2058 2062 
2059 2063 
2060 2063 
2060 2064 
2061 2144 
2062 2063 
2064 2396 
2065 2095 
2068 2422 
2069 2212 
2070 2228 
2071 2229 
2071 2230 
2071 2231 
2072 2241 
2072 2262 
2072 2278 
2072 2279 
2073 2355 
2074 2371 
2075 2399 
2076 2077 
2077 2299 
2078 2080 
2078 2081 
2080 2111 
2080 2146 
2080 2160 
2081 2226 
2082 2132 
2083 2085 
2084 2203 
2085 2315 
2086 2087 
2089 2364 
2092 2312 
2093 2324 
2093 2356 
2096 2418 
2097 2660 
2097 3295 
2098 3024 
2098 2848 
2098 3131 
2099 2106 
2099 2107 
2103 2104 
2103 2105 
2104 2359 
2106 2107 
2108 2267 
2110 2111 
2110 2112 
2113 2116 
2114 2116 
2117 2304 
2117 2181 
2118 2291 
2118 2119 
2121 2150 
2123 2215 
2123 2155 
2123 2216 
2123 2217 
2125 2126 
2126 2127 
2126 2128 
2129 2280 
2129 2304 
2130 2400 
2134 2135 
2134 2136 
2134 2137 
2135 2186 
2137 2186 
2138 2361 
2140 2227 
2142 2144 
2143 2145 
2145 2328 
2146 2147 
2146 2148 
2148 2226 
2150 2151 
2151 2217 
2153 2157 
2154 2155 
2154 2156 
2155 2215 
2156 2216 
2157 2158 
2158 2161 
2159 2405 
2162 2163 
2164 2248 
2165 2309 
2165 2382 
2166 2296 
2166 2298 
2167 2276 
2168 2183 
2171 2235 
2172 2178 
2173 2277 
2173 2295 
2175 2176 
2175 2177 
2178 2235 
2178 2236 
2178 2237 
2178 2238 
2178 2239 
2179 2181 
2179 2307 
2179 2311 
2179 2182 
2180 2318 
2182 2201 
2185 2186 
2188 2189 
2190 2408 
2191 2410 
2192 2411 
2193 2410 
2194 2410 
2195 2273 
2195 2394 
2195 2395 
2196 2327 
2197 2272 
2197 2327 
2198 2344 
2199 2309 
2200 2344 
2202 2204 
2202 2205 
2202 2404 
2206 2207 
2208 2210 
2209 2211 
2210 2277 
2213 2414 
2218 2421 
2219 2220 
2219 2221 
2220 2376 
2221 2377 
2221 2412 
2223 2224 
2224 2225 
2226 2407 
2228 2385 
2228 2231 
2230 2373 
2231 2415 
2234 2325 
2237 2246 
2238 2247 
2240 2241 
2240 2242 
2241 2243 
2242 2244 
2243 2282 
2244 2352 
2246 2345 
2246 2346 
2246 2347 
2247 2368 
2248 2249 
2249 2250 
2249 2251 
2249 2252 
2250 2348 
2251 2364 
2252 2334 
2254 2255 
2255 2256 
2256 2333 
2257 2348 
2258 2300 
2258 2303 
2258 2287 
2259 2349 
2259 2350 
2260 2351 
2261 2351 
2263 2265 
2264 2398 
2267 2268 
2268 2269 
2269 2335 
2269 2336 
2270 2271 
2270 2272 
2271 2273 
2274 2321 
2274 2322 
2275 2276 
2278 2357 
2279 2368 
2282 2399 
2283 2284 
2283 2285 
2284 2286 
2285 2287 
2285 2288 
2288 2393 
2290 2291 
2290 2292 
2290 2293 
2291 2292 
2293 2294 
2295 2329 
2296 2297 
2297 2298 
2300 2301 
2301 2302 
2302 2355 
2302 2303 
2304 2305 
2305 2306 
2306 2413 
2306 2403 
2307 2308 
2307 2309 
2308 2310 
2308 2311 
2310 2364 
2312 2313 
2312 2314 
2313 2315 
2314 2316 
2316 2333 
2317 2331 
2318 2329 
2319 2320 
2321 2323 
2322 2324 
2323 2325 
2323 2326 
2329 2331 
2330 2332 
2331 2344 
2332 2400 
2333 2334 
2336 2374 
2337 2338 
2338 2339 
2338 2340 
2342 2343 
2346 2375 
2347 2375 
2349 2386 
2350 2392 
2350 2393 
2351 2358 
2352 2357 
2356 2380 
2358 2397 
2359 2360 
2362 2363 
2364 2365 
2369 2379 
2370 2402 
2370 2403 
2371 2372 
2372 2373 
2376 2377 
2379 2385 
2380 2381 
2381 2382 
2381 2383 
2386 2387 
2386 2388 
2387 2388 
2387 2389 
2387 2390 
2388 2391 
2395 2396 
2397 2399 
2400 2413 
2405 2406 
2408 2417 
2408 2411 
2409 2417 
2409 2411 
2413 2420 
2416 2417 
2421 2422 
2423 2424 
2423 2425 
2426 2427 
2427 2428 
2427 2429 
2427 2430 
2427 2431 
2427 2432 
2427 2433 
2427 2434 
2427 2435 
2427 2436 
2427 2437 
2427 2438 
2428 2605 
2428 2609 
2428 2610 
2429 2605 
2429 2608 
2430 2431 
2432 2443 
2433 2576 
2434 2530 
2435 2489 
2436 2489 
2437 2441 
2438 2475 
2439 2440 
2439 2441 
2440 2442 
2440 2443 
2442 2443 
2442 2474 
2442 2475 
2443 2474 
2443 2476 
2443 2477 
2444 2445 
2444 2446 
2445 2447 
2446 2448 
2447 2463 
2447 2552 
2447 2558 
2447 2559 
2447 2560 
2447 2561 
2447 2562 
2447 2563 
2448 2517 
2449 2450 
2449 2451 
2450 2452 
2450 2453 
2451 2454 
2451 2455 
2451 2456 
2452 2534 
2452 2535 
2452 2536 
2452 2533 
2453 2456 
2454 2601 
2454 2602 
2455 4659 
2455 4903 
2456 4903 
2456 4912 
2457 2458 
2458 2461 
2459 2511 
2459 2513 
2460 2505 
2461 2464 
2461 2552 
2461 2564 
2462 2463 
2462 2464 
2464 2465 
2464 2466 
2465 2604 
2466 2633 
2466 2634 
2466 2635 
2466 2636 
2467 2468 
2467 2469 
2468 2470 
2469 2471 
2471 2472 
2471 2473 
2473 2561 
2474 2475 
2475 2478 
2475 2479 
2476 2533 
2476 2614 
2477 2531 
2481 2487 
2483 2487 
2484 2486 
2484 2490 
2485 2490 
2488 2491 
2491 2503 
2492 2504 
2492 2506 
2493 2616 
2494 2547 
2498 2499 
2498 2525 
2498 2526 
2498 2527 
2499 2502 
2499 2528 
2499 2529 
2500 2530 
2501 2531 
2501 2532 
2502 2533 
2503 2565 
2503 2550 
2504 2505 
2506 2510 
2507 2508 
2508 2509 
2509 2512 
2510 2511 
2512 2524 
2513 2601 
2514 2515 
2514 2516 
2514 2517 
2515 2518 
2517 2519 
2517 2520 
2517 2521 
2517 2522 
2517 2523 
2518 2552 
2520 2563 
2520 2638 
2520 2639 
2521 2523 
2521 2638 
2521 2640 
2521 2641 
2522 2642 
2522 2643 
2522 2644 
2523 2642 
2524 2600 
2530 2570 
2530 2571 
2530 2574 
2530 2575 
2530 2576 
2531 2572 
2531 2593 
2531 2532 
2531 2574 
2531 2575 
2532 2623 
2533 2538 
2533 2539 
2536 2537 
2537 2567 
2538 2594 
2538 2614 
2538 2539 
2540 2541 
2540 2542 
2541 2543 
2541 2544 
2545 2546 
2545 2547 
2546 2548 
2546 2549 
2546 2550 
2548 2565 
2549 2566 
2551 2552 
2551 2553 
2551 2554 
2553 2555 
2553 2556 
2554 2557 
2555 2558 
2555 2584 
2556 4618 
2556 4619 
2556 4620 
2556 4621 
2557 2558 
2558 2583 
2562 2563 
2562 2585 
2562 2586 
2563 2587 
2563 2588 
2563 2589 
2564 2628 
2565 2566 
2566 2616 
2567 2568 
2568 2569 
2570 2571 
2570 2572 
2571 2573 
2573 2610 
2577 2578 
2577 2579 
2578 2580 
2579 2581 
2579 2582 
2580 2595 
2580 2581 
2582 2591 
2582 2620 
2584 4790 
2584 4794 
2584 4795 
2584 4796 
2585 3839 
2585 4666 
2585 4667 
2585 3760 
2587 3807 
2587 4647 
2587 3517 
2588 4711 
2588 4789 
2588 4790 
2588 4791 
2588 4792 
2589 4741 
2589 3761 
2590 2591 
2592 2618 
2592 2619 
2592 2620 
2593 2594 
2595 2621 
2596 2597 
2596 2598 
2596 2599 
2597 2612 
2598 2599 
2600 2624 
2600 2626 
2600 2627 
2603 2604 
2605 2606 
2605 2607 
2605 2608 
2611 2612 
2614 2615 
2618 2621 
2622 3839 
2622 4668 
2622 3782 
2624 2625 
2627 2629 
2628 4705 
2628 4843 
2629 2630 
2629 2631 
2629 2632 
2630 4928 
2633 4672 
2634 4629 
2634 4705 
2634 4706 
2635 4733 
2635 4735 
2636 4736 
2638 4817 
2639 4818 
2639 4819 
2640 4852 
2640 4853 
2640 4854 
2641 4855 
2642 4882 
2643 4894 
2643 2644 
2644 4895 
2645 4674 
2645 4835 
2647 2648 
2647 2649 
2648 2650 
2648 2651 
2648 2652 
2648 2653 
2649 2654 
2650 3683 
2650 4664 
2652 4703 
2653 4704 
2654 3709 
2655 2656 
2656 2657 
2656 2658 
2657 2659 
2657 2660 
2657 2661 
2657 2662 
2658 2662 
2658 2663 
2658 2664 
2658 2665 
2658 2666 
2659 2705 
2659 2715 
2659 2716 
2659 2717 
2659 2660 
2659 2932 
2659 2933 
2660 2938 
2660 2939 
2660 2940 
2660 2941 
2661 2663 
2661 2947 
2662 2948 
2663 2858 
2663 2853 
2664 3097 
2664 3098 
2665 3104 
2665 3105 
2667 2895 
2667 2902 
2667 2903 
2667 2904 
2667 2900 
2667 2905 
2667 2906 
2667 2907 
2668 2782 
2668 2672 
2669 3021 
2669 3022 
2670 3023 
2671 2782 
2672 2673 
2672 3053 
2673 3049 
2673 2906 
2673 3021 
2673 3158 
2673 3051 
2673 3355 
2674 2676 
2674 3170 
2674 3171 
2674 3356 
2677 2678 
2677 2679 
2678 2680 
2678 2681 
2679 2682 
2679 2683 
2680 2682 
2680 3035 
2680 3036 
2682 2777 
2682 2780 
2682 2781 
2682 2782 
2684 2685 
2684 2686 
2684 2687 
2685 2686 
2685 2688 
2685 2689 
2685 2690 
2685 2691 
2685 2692 
2686 2693 
2686 2694 
2686 2695 
2686 2696 
2686 2697 
2686 2698 
2686 2699 
2686 2700 
2687 2701 
2687 2702 
2688 2823 
2688 2827 
2688 2828 
2688 2829 
2689 2881 
2689 2885 
2689 3027 
2689 3028 
2690 3029 
2690 3030 
2691 2760 
2692 3031 
2693 2737 
2693 2739 
2694 2740 
2694 2751 
2695 2740 
2695 2754 
2696 2839 
2696 2841 
2696 2845 
2696 2846 
2696 2847 
2696 2848 
2696 2843 
2697 2912 
2697 2845 
2697 2913 
2698 2735 
2698 2949 
2699 2882 
2699 2787 
2699 3282 
2699 2891 
2699 3283 
2699 3236 
2699 3284 
2699 2700 
2699 3285 
2699 2892 
2699 3286 
2699 3287 
2703 2704 
2703 2705 
2704 2706 
2704 2707 
2704 2708 
2704 2709 
2704 2710 
2704 2711 
2704 2712 
2704 2713 
2705 2714 
2705 2715 
2705 2716 
2705 2717 
2705 2718 
2705 2719 
2705 2709 
2705 2720 
2705 2721 
2705 2722 
2706 2870 
2707 2793 
2707 2794 
2707 2898 
2707 3133 
2707 3134 
2707 3135 
2707 2871 
2707 2760 
2707 2814 
2708 2871 
2710 2874 
2710 3183 
2711 2874 
2711 3184 
2712 2874 
2712 3185 
2713 2871 
2714 2790 
2714 2815 
2715 2922 
2716 2937 
2718 3006 
2718 3086 
2718 2719 
2718 3013 
2718 3087 
2718 3088 
2718 3089 
2719 3111 
2720 2802 
2720 3319 
2721 3283 
2721 3320 
2722 3131 
2722 3321 
2723 2724 
2724 2725 
2724 2726 
2724 2727 
2724 2728 
2724 2729 
2724 2730 
2724 2731 
2725 3054 
2725 3035 
2725 3055 
2726 2727 
2727 2991 
2727 2993 
2727 3103 
2728 2729 
2729 2779 
2729 2731 
2729 2785 
2729 2786 
2729 3108 
2732 2733 
2732 2734 
2733 2735 
2735 2736 
2737 2738 
2740 2741 
2740 2742 
2740 2743 
2740 2744 
2740 2745 
2740 2746 
2740 2747 
2740 2748 
2740 2749 
2740 2750 
2741 2752 
2741 2753 
2742 2755 
2742 2756 
2742 2757 
2742 2758 
2743 2753 
2743 2759 
2744 2760 
2744 2761 
2745 2760 
2745 2762 
2746 2747 
2746 2754 
2746 2763 
2746 2764 
2746 2765 
2746 2766 
2746 2767 
2746 2768 
2746 2769 
2746 2770 
2746 2771 
2747 2772 
2748 2773 
2749 2774 
2750 2775 
2750 2776 
2751 2787 
2751 2788 
2753 2970 
2754 2759 
2754 2764 
2754 3117 
2754 3118 
2754 3119 
2755 2756 
2755 2971 
2756 2826 
2756 2972 
2756 2973 
2756 2854 
2756 2974 
2756 2975 
2757 2973 
2757 2828 
2757 3279 
2757 3280 
2759 3117 
2759 3322 
2760 3222 
2760 2808 
2760 3031 
2760 2952 
2760 3132 
2760 3223 
2761 3332 
2761 3333 
2762 3298 
2763 2952 
2763 2766 
2763 3303 
2763 3304 
2763 3305 
2763 3306 
2763 3307 
2763 3308 
2766 2767 
2766 2768 
2766 2771 
2766 3303 
2766 3363 
2767 2768 
2767 2769 
2767 2770 
2767 3364 
2767 3363 
2768 2771 
2768 3363 
2768 3365 
2769 2770 
2774 3155 
2774 3037 
2775 2778 
2775 3093 
2775 3096 
2777 2778 
2777 2779 
2778 2783 
2779 2784 
2779 2785 
2779 2786 
2780 3032 
2780 3033 
2780 3034 
2781 3037 
2782 2904 
2782 3036 
2782 3038 
2782 2905 
2784 3049 
2784 3036 
2784 3050 
2785 2786 
2785 3366 
2785 3367 
2787 3282 
2787 3287 
2787 3288 
2789 2790 
2790 2791 
2790 2792 
2790 2793 
2790 2794 
2790 2795 
2790 2796 
2790 2797 
2790 2798 
2790 2799 
2790 2800 
2792 2801 
2792 2802 
2793 2803 
2793 2804 
2793 2805 
2794 2806 
2794 2807 
2794 2808 
2794 2809 
2794 2810 
2794 2811 
2795 2812 
2795 2813 
2796 2814 
2797 2806 
2800 2816 
2800 2817 
2801 2872 
2801 2873 
2801 2874 
2801 2875 
2801 2876 
2801 2877 
2802 2878 
2803 2804 
2803 2805 
2803 3136 
2803 3137 
2804 2870 
2804 2805 
2805 3138 
2805 3139 
2805 3140 
2805 3141 
2806 2968 
2807 3070 
2807 3078 
2807 3079 
2807 3148 
2807 2809 
2807 2810 
2807 3146 
2807 3147 
2808 3148 
2809 3296 
2810 3297 
2811 3142 
2813 3301 
2814 3224 
2816 2950 
2816 2951 
2818 2821 
2822 2823 
2823 2824 
2823 2825 
2823 2826 
2825 2830 
2825 2831 
2825 2832 
2826 2827 
2826 2830 
2826 2833 
2826 2834 
2827 2849 
2827 2858 
2827 2859 
2827 2860 
2827 2861 
2828 3109 
2830 3099 
2830 3100 
2832 3102 
2832 3121 
2832 3122 
2835 2836 
2835 2837 
2835 2838 
2835 2839 
2835 2840 
2837 2841 
2837 2842 
2839 2840 
2839 2843 
2841 2844 
2842 3385 
2842 3386 
2843 3300 
2845 2914 
2846 2847 
2846 3084 
2847 3085 
2848 3299 
2849 2850 
2849 2851 
2850 2852 
2850 2853 
2850 2854 
2850 2855 
2850 2856 
2850 2857 
2852 2858 
2852 2988 
2853 2989 
2854 3048 
2855 2979 
2855 3042 
2858 2977 
2858 2978 
2858 2859 
2858 2986 
2859 2987 
2863 2934 
2863 2935 
2863 2936 
2864 2935 
2865 2933 
2865 2946 
2866 2945 
2866 3395 
2866 2867 
2866 3449 
2867 3456 
2867 3457 
2868 2935 
2868 3369 
2868 3412 
2868 3413 
2868 3372 
2868 2869 
2870 2871 
2871 3086 
2871 3215 
2871 3216 
2871 3217 
2871 3218 
2871 3219 
2871 3220 
2871 3221 
2871 3110 
2872 3086 
2872 3215 
2872 3262 
2872 3265 
2872 2874 
2872 3271 
2872 3272 
2872 3273 
2872 3274 
2873 2877 
2874 2968 
2874 3390 
2874 3271 
2874 3391 
2875 2876 
2879 2880 
2879 2881 
2879 2882 
2879 2883 
2879 2884 
2881 2884 
2881 2885 
2881 2886 
2881 2887 
2882 2883 
2882 2888 
2882 2889 
2882 2890 
2882 2891 
2882 2892 
2882 2893 
2882 2894 
2886 2887 
2888 2956 
2888 2957 
2888 2958 
2888 2959 
2893 3406 
2894 3407 
2895 2896 
2895 2897 
2896 2898 
2896 2899 
2896 2900 
2896 2901 
2897 2908 
2897 2909 
2897 2910 
2897 2911 
2898 3058 
2898 3059 
2898 3061 
2898 2900 
2898 3062 
2898 3063 
2898 3064 
2899 3061 
2899 3129 
2899 3130 
2900 3160 
2900 3161 
2900 3162 
2900 3163 
2901 3186 
2901 3187 
2901 3188 
2901 3189 
2901 3190 
2901 3191 
2901 3192 
2902 2903 
2902 2963 
2903 2964 
2903 2965 
2903 2966 
2903 2967 
2904 3049 
2906 3049 
2906 2907 
2906 2994 
2906 2996 
2906 3051 
2906 3052 
2906 3237 
2907 3238 
2913 2915 
2913 2916 
2913 2917 
2913 2918 
2913 2919 
2913 2920 
2914 3236 
2914 2915 
2915 2919 
2915 3396 
2915 3397 
2915 3398 
2917 2918 
2917 2920 
2918 2920 
2921 2922 
2921 2923 
2921 2924 
2921 2925 
2922 2926 
2923 2925 
2923 2927 
2923 2928 
2923 2929 
2923 2930 
2924 2927 
2924 2931 
2926 3399 
2927 3408 
2927 3409 
2927 2928 
2927 2929 
2927 2930 
2928 2929 
2928 2930 
2928 3015 
2929 3368 
2929 3374 
2929 3410 
2930 3409 
2930 3411 
2932 2942 
2932 2943 
2933 2944 
2933 2945 
2933 2946 
2934 2935 
2934 3368 
2934 3369 
2934 3370 
2934 3371 
2935 3372 
2937 3026 
2938 3246 
2938 3250 
2939 3252 
2939 3253 
2940 3259 
2940 3260 
2941 3256 
2941 3294 
2942 3244 
2942 3245 
2942 3246 
2944 2945 
2945 3394 
2945 3395 
2947 3000 
2947 3003 
2951 2952 
2951 2953 
2952 2989 
2952 3024 
2952 3217 
2952 3218 
2952 3301 
2956 2958 
2956 2959 
2957 2960 
2957 2961 
2957 2962 
2958 2959 
2962 3485 
2964 3123 
2965 3124 
2966 3125 
2967 3052 
2967 3126 
2967 3127 
2967 3128 
2968 2969 
2969 3136 
2970 3313 
2970 3314 
2972 3042 
2972 3043 
2973 3047 
2976 2977 
2976 2978 
2976 2979 
2977 2980 
2978 2981 
2979 2982 
2979 2983 
2979 2984 
2979 2985 
2980 2981 
2982 3043 
2982 3044 
2982 3344 
2982 3345 
2983 3344 
2983 3346 
2983 3347 
2983 3348 
2983 3349 
2983 3350 
2983 3351 
2987 3004 
2989 3081 
2989 3025 
2989 3082 
2989 3083 
2990 2991 
2990 2992 
2991 2992 
2991 2993 
2991 2994 
2991 2995 
2991 2996 
2992 2997 
2992 2998 
2992 2999 
2994 3037 
2994 3052 
2994 3237 
2994 3339 
2995 2996 
2996 3049 
2996 3052 
2996 3400 
2997 2999 
2999 3156 
2999 3462 
3000 3001 
3000 3002 
3004 3340 
3005 3006 
3005 3007 
3005 3008 
3005 3009 
3006 3010 
3006 3011 
3006 3012 
3007 3013 
3007 3014 
3007 3015 
3007 3016 
3008 3017 
3008 3018 
3009 3019 
3009 3020 
3010 3011 
3010 3090 
3010 3091 
3011 3090 
3012 3086 
3012 3092 
3013 3016 
3013 3112 
3014 3417 
3014 3015 
3015 3419 
3016 3112 
3018 3425 
3018 3488 
3020 3437 
3020 3489 
3024 3025 
3024 3061 
3024 3131 
3024 3132 
3027 3028 
3029 3166 
3031 3298 
3035 3057 
3037 3156 
3038 3106 
3038 3107 
3038 3150 
3038 3041 
3039 3040 
3040 3041 
3042 3044 
3042 3045 
3043 3046 
3044 3342 
3044 3343 
3049 3050 
3049 3051 
3049 3052 
3051 3158 
3051 3355 
3051 3420 
3052 3128 
3052 3237 
3054 3056 
3058 3059 
3058 3060 
3059 3062 
3059 3065 
3059 3066 
3059 3067 
3059 3068 
3063 3164 
3064 3164 
3065 3077 
3065 3068 
3066 3136 
3066 3180 
3066 3148 
3066 3181 
3068 3182 
3069 3070 
3069 3071 
3069 3072 
3069 3073 
3069 3074 
3069 3075 
3070 3071 
3070 3074 
3070 3076 
3070 3077 
3070 3078 
3070 3079 
3071 3074 
3071 3080 
3076 3142 
3076 3143 
3076 3144 
3077 3078 
3077 3145 
3078 3146 
3078 3147 
3082 3315 
3082 3316 
3083 3315 
3083 3317 
3085 3312 
3086 3110 
3087 3113 
3088 3114 
3089 3115 
3089 3116 
3092 3487 
3093 3094 
3093 3095 
3096 3330 
3096 3331 
3101 3102 
3106 3151 
3107 3152 
3110 3278 
3111 3318 
3114 3440 
3114 3467 
3116 3464 
3116 3490 
3118 3119 
3120 3121 
3121 3122 
3122 3293 
3124 3239 
3124 3207 
3132 3302 
3133 3136 
3133 3202 
3134 3136 
3134 3203 
3135 3136 
3135 3204 
3136 3193 
3136 3180 
3136 3194 
3136 3148 
3136 3195 
3136 3196 
3136 3197 
3136 3198 
3136 3181 
3136 3164 
3136 3199 
3136 3200 
3136 3201 
3138 3139 
3138 3140 
3139 3140 
3143 3144 
3143 3149 
3144 3149 
3145 3205 
3145 3358 
3145 3393 
3146 3148 
3146 3205 
3146 3357 
3147 3479 
3148 3181 
3148 3205 
3150 3153 
3150 3154 
3153 3243 
3157 3158 
3157 3159 
3158 3355 
3158 3159 
3158 3176 
3160 3186 
3161 3186 
3164 3200 
3164 3201 
3164 3210 
3164 3211 
3164 3212 
3164 3213 
3164 3214 
3165 3166 
3166 3167 
3167 3418 
3170 3173 
3170 3171 
3173 3450 
3173 3452 
3173 3174 
3173 3453 
3173 3454 
3179 3229 
3179 3326 
3179 3328 
3179 4336 
3179 4337 
3186 3377 
3186 3458 
3186 3378 
3186 3187 
3186 3188 
3186 3189 
3186 3190 
3187 3188 
3189 3377 
3189 3458 
3189 3461 
3190 3377 
3190 3378 
3190 3191 
3193 3195 
3193 3197 
3193 3201 
3194 3196 
3195 3206 
3196 3207 
3196 3208 
3196 3209 
3199 3201 
3201 3210 
3201 3211 
3205 3357 
3205 3358 
3207 3208 
3207 3323 
3207 3324 
3208 3209 
3208 3405 
3210 3211 
3211 3212 
3211 3214 
3213 3214 
3215 3262 
3215 3263 
3215 3264 
3215 3265 
3215 3266 
3215 3267 
3217 3276 
3218 3277 
3222 3239 
3223 3311 
3225 3226 
3225 3227 
3225 3228 
3226 3228 
3226 3229 
3226 3230 
3227 3229 
3227 3231 
3227 3232 
3228 3233 
3228 3234 
3228 3235 
3229 3325 
3229 3326 
3229 3327 
3229 3328 
3230 3329 
3231 4319 
3231 4322 
3231 4323 
3231 4320 
3232 4324 
3232 4327 
3232 4388 
3232 4389 
3233 4390 
3233 4056 
3233 4057 
3234 4428 
3234 4429 
3234 4430 
3234 3235 
3235 4432 
3236 3283 
3236 3284 
3236 3285 
3236 3290 
3236 3291 
3236 3292 
3239 3240 
3239 3241 
3240 3242 
3241 3242 
3242 3473 
3244 3247 
3245 3248 
3246 3249 
3248 3474 
3248 3475 
3248 3476 
3251 3252 
3253 3254 
3255 3256 
3256 3257 
3257 3477 
3258 3259 
3260 3261 
3262 3265 
3262 3268 
3262 3269 
3262 3270 
3266 3267 
3267 3275 
3268 3269 
3271 3390 
3271 3391 
3272 3273 
3279 3281 
3281 3486 
3282 3286 
3282 3287 
3283 3284 
3283 3289 
3284 3289 
3290 3291 
3290 3292 
3291 3292 
3291 3470 
3291 3471 
3291 3472 
3300 3401 
3300 3404 
3301 3309 
3301 3310 
3304 3305 
3304 3307 
3305 3307 
3306 3308 
3309 3354 
3314 3341 
3325 4319 
3325 4327 
3325 4328 
3325 3327 
3325 4329 
3326 4330 
3326 4331 
3327 4404 
3327 4468 
3327 4469 
3327 4470 
3327 4471 
3328 4388 
3330 3331 
3334 3335 
3334 3336 
3335 3337 
3336 3338 
3341 3478 
3344 3352 
3344 3353 
3359 3360 
3359 3361 
3360 3362 
3361 3362 
3362 3435 
3362 3467 
3364 3382 
3364 3392 
3364 3383 
3366 3367 
3368 3370 
3368 3373 
3368 3374 
3369 3371 
3369 3375 
3372 3444 
3374 3410 
3375 3445 
3376 3377 
3377 3378 
3377 3379 
3380 3381 
3380 3382 
3381 3382 
3382 3383 
3385 3387 
3386 3388 
3386 3389 
3387 3389 
3387 3446 
3387 3447 
3387 3448 
3388 3389 
3390 3391 
3396 3397 
3396 3398 
3397 3398 
3398 3468 
3398 3469 
3401 3402 
3401 3403 
3401 3404 
3406 3407 
3406 4262 
3406 4263 
3406 4264 
3407 4258 
3412 3413 
3412 3414 
3413 3415 
3413 3416 
3421 3422 
3422 3423 
3423 3490 
3423 3491 
3424 3425 
3426 3427 
3427 3428 
3428 3433 
3428 3440 
3429 3430 
3430 3431 
3431 3481 
3431 3443 
3432 3433 
3434 3435 
3436 3437 
3438 3439 
3439 3440 
3441 3442 
3442 3443 
3443 3490 
3450 3451 
3456 3457 
3458 3459 
3458 3460 
3459 3482 
3459 3460 
3460 3483 
3460 3484 
3463 3464 
3465 3466 
3466 3467 
3468 3469 
3474 3476 
3480 3481 
3485 4263 
3492 3493 
3492 3494 
3492 3495 
3493 3496 
3493 3497 
3493 3498 
3493 3499 
3493 3500 
3493 3501 
3494 3502 
3495 3503 
3496 3694 
3496 3918 
3496 3919 
3496 3920 
3496 3921 
3499 3923 
3499 3924 
3501 3690 
3502 3594 
3502 3746 
3503 3527 
3503 3539 
3503 3623 
3503 3625 
3503 3626 
3503 3627 
3503 3628 
3503 3629 
3503 3630 
3504 3505 
3504 3506 
3504 3507 
3504 3508 
3505 3509 
3505 3510 
3506 3511 
3506 3512 
3508 3513 
3509 3514 
3509 3515 
3509 3516 
3510 3517 
3510 3518 
3511 3549 
3512 3757 
3513 3602 
3513 3612 
3514 3543 
3514 3545 
3514 3546 
3514 3547 
3515 3649 
3516 3647 
3517 4659 
3517 4660 
3517 4661 
3517 4662 
3517 4663 
3518 4782 
3518 4800 
3518 4659 
3519 3520 
3519 3521 
3519 3522 
3519 3523 
3519 3524 
3520 3525 
3520 3526 
3520 3527 
3521 3528 
3522 3529 
3523 3530 
3523 3531 
3524 3532 
3524 3533 
3525 3527 
3525 3534 
3525 3535 
3525 3536 
3525 3537 
3525 3538 
3525 3539 
3526 3540 
3527 3541 
3527 3542 
3528 3529 
3528 3738 
3530 3541 
3532 3540 
3533 3540 
3534 3613 
3534 3614 
3534 3615 
3535 3620 
3539 3621 
3539 3622 
3540 3739 
3540 3740 
3541 3567 
3542 3729 
3542 3754 
3542 3755 
3542 3756 
3543 3544 
3544 3548 
3544 3549 
3548 3974 
3550 3601 
3550 3662 
3551 3628 
3552 3591 
3553 3682 
3554 3555 
3555 3556 
3555 3557 
3556 3558 
3556 3559 
3557 3900 
3557 3935 
3557 3936 
3558 3560 
3559 3561 
3559 3562 
3560 3717 
3560 3726 
3560 3727 
3561 3687 
3562 3971 
3563 3564 
3563 3565 
3563 3566 
3565 3567 
3565 3568 
3566 3569 
3567 3615 
3567 3620 
3567 3751 
3567 3752 
3567 3753 
3569 3762 
3569 3763 
3569 3764 
3569 3765 
3570 3571 
3571 3572 
3571 3573 
3571 3574 
3571 3575 
3571 3576 
3571 3577 
3571 3578 
3571 3579 
3571 3580 
3571 3581 
3571 3582 
3571 3583 
3571 3584 
3574 3585 
3574 3586 
3574 3587 
3574 3588 
3574 3589 
3575 3590 
3576 3590 
3577 3897 
3577 3898 
3578 3696 
3579 3779 
3580 3933 
3582 3821 
3583 3947 
3584 3947 
3586 3668 
3587 3925 
3588 3932 
3589 3946 
3590 3591 
3590 3592 
3590 3593 
3590 3594 
3590 3595 
3591 3596 
3591 3597 
3592 3598 
3593 3599 
3594 3600 
3595 3601 
3598 3805 
3599 3635 
3601 3635 
3601 3680 
3601 3681 
3601 3682 
3601 3683 
3602 3603 
3602 3604 
3602 3605 
3602 3606 
3604 3607 
3604 3608 
3605 3609 
3606 3610 
3606 3611 
3607 3647 
3607 3610 
3607 3747 
3609 3649 
3612 3904 
3613 3616 
3614 3617 
3614 3618 
3615 3619 
3616 3618 
3618 3945 
3620 3825 
3620 3751 
3620 3826 
3621 3733 
3622 3812 
3622 3861 
3622 3863 
3623 3624 
3624 3631 
3625 3629 
3625 3632 
3625 3633 
3625 3634 
3626 3627 
3626 3635 
3626 3636 
3626 3637 
3627 3638 
3627 3639 
3627 3640 
3627 3641 
3627 3642 
3627 3643 
3627 3644 
3628 3645 
3628 3646 
3630 3647 
3630 3648 
3631 3859 
3631 3865 
3632 3714 
3632 3638 
3632 3715 
3633 3641 
3634 3643 
3635 3668 
3635 3673 
3635 3674 
3635 3675 
3637 3758 
3637 3759 
3637 3760 
3637 3761 
3639 3800 
3640 3800 
3642 3675 
3644 3805 
3645 3830 
3645 3646 
3645 3831 
3645 3832 
3647 3717 
3647 3725 
3647 3724 
3648 3962 
3650 3651 
3650 3652 
3650 3653 
3651 3654 
3651 3655 
3651 3656 
3651 3657 
3651 3658 
3651 3659 
3651 3660 
3651 3661 
3651 3662 
3652 3663 
3653 3665 
3653 3666 
3653 3667 
3656 3819 
3656 3820 
3657 3821 
3658 3822 
3659 3823 
3659 3824 
3663 3875 
3663 3876 
3663 3877 
3663 3878 
3663 3879 
3663 3820 
3668 3669 
3668 3670 
3668 3671 
3668 3672 
3670 3676 
3671 3677 
3671 3678 
3672 3679 
3676 3948 
3678 3968 
3680 3702 
3680 3806 
3681 3807 
3682 3808 
3683 3809 
3684 3685 
3684 3686 
3685 3687 
3686 3688 
3688 4668 
3688 3782 
3688 3784 
3689 3690 
3689 3691 
3689 3692 
3689 3693 
3689 3694 
3690 3695 
3691 3696 
3691 3697 
3691 3698 
3691 3699 
3691 3700 
3695 3907 
3698 3955 
3698 3957 
3699 3955 
3699 3958 
3700 3957 
3700 3958 
3701 3702 
3701 3703 
3701 3704 
3701 3705 
3701 3706 
3702 3707 
3702 3708 
3702 3709 
3703 3710 
3703 3711 
3706 3712 
3706 3713 
3707 3712 
3709 3806 
3709 3838 
3710 3895 
3710 3896 
3711 3973 
3712 3785 
3714 3741 
3714 3742 
3715 3746 
3716 3717 
3716 3718 
3716 3719 
3716 3720 
3718 3721 
3718 3722 
3719 3723 
3720 3724 
3720 3722 
3721 3944 
3723 3978 
3724 3750 
3726 3780 
3726 3781 
3727 3782 
3727 3783 
3727 3784 
3728 3729 
3728 3730 
3729 3731 
3729 3732 
3729 3733 
3730 3734 
3730 3735 
3730 3736 
3730 3737 
3732 3777 
3732 3754 
3734 3810 
3734 3818 
3735 3810 
3736 3777 
3737 3817 
3737 3964 
3737 3818 
3738 3989 
3741 3743 
3742 3744 
3742 3745 
3743 3921 
3747 3748 
3747 3749 
3748 3763 
3750 4904 
3750 4663 
3751 3752 
3751 3829 
3753 3773 
3754 3778 
3755 3786 
3755 3797 
3756 4642 
3756 4670 
3757 4782 
3758 3887 
3759 4610 
3761 4744 
3761 4841 
3762 3766 
3762 3767 
3763 3768 
3764 3769 
3765 3770 
3766 3786 
3766 3787 
3766 3788 
3766 3789 
3766 3790 
3767 3798 
3767 3799 
3769 3987 
3770 4909 
3770 4911 
3771 3772 
3772 3773 
3774 3775 
3775 3776 
3776 3807 
3776 3840 
3776 3851 
3778 3855 
3780 3781 
3783 3797 
3783 4924 
3784 3992 
3787 3791 
3788 3792 
3788 3793 
3788 3794 
3789 3795 
3790 3796 
3791 3908 
3791 3910 
3791 3911 
3792 3908 
3792 3912 
3793 3914 
3795 3993 
3796 3997 
3797 3870 
3797 4922 
3797 4923 
3798 3914 
3798 3915 
3798 3916 
3799 3910 
3799 3954 
3800 3801 
3800 3802 
3800 3803 
3802 3804 
3803 3804 
3804 3926 
3804 3946 
3806 3807 
3807 3839 
3807 3840 
3809 4713 
3809 4750 
3810 3811 
3810 3812 
3811 3813 
3811 3814 
3812 3815 
3812 3816 
3812 3817 
3814 3929 
3814 3930 
3814 3815 
3816 3949 
3818 3966 
3818 3967 
3818 3931 
3820 3906 
3822 3932 
3823 3948 
3825 3827 
3825 3828 
3826 3829 
3831 3833 
3831 3834 
3831 3835 
3832 3836 
3832 3837 
3833 3924 
3836 3952 
3838 4692 
3840 4664 
3840 4665 
3841 3842 
3841 3843 
3843 3844 
3843 3845 
3844 4695 
3845 4739 
3845 4740 
3846 3847 
3846 3848 
3847 3849 
3848 3850 
3848 3851 
3848 3852 
3848 3853 
3850 4755 
3852 4759 
3852 4739 
3853 4830 
3853 4831 
3854 3855 
3855 3856 
3856 3857 
3857 3858 
3858 3864 
3859 3860 
3859 3861 
3859 3862 
3861 3863 
3862 3864 
3865 3962 
3866 3867 
3867 3868 
3867 3869 
3867 3870 
3867 3871 
3867 3872 
3867 3873 
3867 3874 
3869 3980 
3869 3981 
3870 4909 
3871 4913 
3872 4934 
3874 4934 
3874 4933 
3878 3879 
3878 3927 
3880 3881 
3881 3882 
3881 3883 
3884 3885 
3884 3886 
3884 3887 
3887 3888 
3888 4607 
3888 4609 
3888 4610 
3888 4611 
3888 4612 
3888 4613 
3889 3890 
3890 3891 
3890 3892 
3890 3893 
3890 3894 
3892 4925 
3892 4926 
3894 4927 
3898 3943 
3899 3900 
3900 3901 
3900 3902 
3903 3904 
3905 3906 
3908 3909 
3911 3913 
3912 3983 
3913 3917 
3920 3922 
3925 3926 
3930 3931 
3933 3934 
3935 3938 
3937 3938 
3937 3939 
3938 3940 
3938 3941 
3939 3942 
3941 3982 
3949 3950 
3949 3951 
3953 3954 
3955 3956 
3957 3959 
3958 3960 
3963 3964 
3965 3966 
3968 3969 
3970 3971 
3971 3972 
3975 3976 
3975 3977 
3975 3978 
3976 3979 
3979 3991 
3981 3996 
3982 3991 
3982 3992 
3983 3984 
3983 3985 
3984 3990 
3986 3987 
3987 3988 
3992 3994 
3992 3995 
3992 3996 
3995 4903 
3995 4802 
3998 3999 
3998 4000 
3999 4001 
3999 4002 
4000 4003 
4001 4022 
4002 4062 
4002 4071 
4003 4004 
4003 4007 
4003 4008 
4003 4009 
4003 4010 
4003 4011 
4004 4005 
4004 4006 
4005 4012 
4006 4007 
4006 4013 
4006 4014 
4008 4028 
4008 4011 
4008 4045 
4012 4048 
4012 4062 
4012 4063 
4012 4064 
4012 4065 
4012 4066 
4012 4067 
4012 4068 
4012 4069 
4013 4019 
4014 4054 
4014 4133 
4014 4134 
4014 4135 
4014 4136 
4014 4137 
4014 4138 
4015 4016 
4015 4017 
4015 4018 
4016 4019 
4017 4020 
4017 4021 
4018 4020 
4019 4020 
4020 4055 
4020 4021 
4020 4139 
4022 4023 
4022 4024 
4023 4025 
4024 4026 
4024 4027 
4025 4028 
4025 4029 
4025 4026 
4026 4085 
4026 4086 
4026 4087 
4026 4088 
4026 4089 
4027 4090 
4027 4091 
4027 4092 
4027 4093 
4027 4094 
4027 4095 
4028 4044 
4029 4072 
4029 4076 
4029 4077 
4029 4078 
4029 4079 
4029 4080 
4030 4031 
4031 4032 
4031 4033 
4031 4034 
4032 4035 
4032 4036 
4032 4037 
4032 4038 
4032 4039 
4033 4034 
4033 4040 
4035 4041 
4035 4042 
4036 4085 
4036 4086 
4036 4040 
4036 4096 
4036 4037 
4037 4099 
4039 4109 
4039 4132 
4040 4096 
4040 4097 
4040 4098 
4042 4043 
4043 4148 
4045 4049 
4045 4121 
4045 4122 
4045 4123 
4045 4124 
4045 4125 
4045 4126 
4045 4127 
4045 4128 
4045 4129 
4045 4130 
4045 4131 
4046 4047 
4046 4048 
4046 4049 
4046 4050 
4046 4051 
4048 4052 
4049 4053 
4051 4054 
4051 4055 
4051 4056 
4051 4057 
4051 4058 
4051 4059 
4051 4060 
4052 4055 
4052 4070 
4053 4115 
4056 4325 
4056 4326 
4058 4324 
4058 4348 
4058 4427 
4061 4076 
4061 4149 
4061 4093 
4061 4150 
4061 4151 
4063 4154 
4064 4154 
4064 4156 
4065 4166 
4066 4183 
4067 4156 
4068 4155 
4069 4135 
4070 4159 
4072 4073 
4072 4074 
4072 4075 
4074 4081 
4074 4082 
4075 4083 
4075 4084 
4076 4095 
4078 4081 
4079 4084 
4080 4094 
4082 4129 
4082 4175 
4082 4119 
4082 4131 
4084 4188 
4087 4110 
4088 4140 
4088 4141 
4088 4142 
4088 4143 
4088 4144 
4088 4107 
4088 4145 
4090 4105 
4091 4092 
4092 4153 
4093 4168 
4094 4101 
4094 4182 
4094 4105 
4097 4115 
4099 4109 
4100 4104 
4101 4106 
4102 4107 
4102 4108 
4103 4109 
4103 4108 
4104 4170 
4104 4147 
4106 4109 
4107 4143 
4107 4132 
4107 4148 
4115 4116 
4115 4117 
4115 4118 
4117 4119 
4118 4120 
4119 4175 
4121 4122 
4121 4123 
4121 4124 
4122 4179 
4124 4180 
4125 4181 
4126 4185 
4126 4130 
4126 4150 
4127 4128 
4127 4129 
4131 4186 
4132 4174 
4133 4158 
4134 4135 
4136 4159 
4137 4138 
4138 4191 
4139 4152 
4141 4146 
4142 4143 
4144 4147 
4144 4146 
4146 4171 
4147 4171 
4148 4174 
4149 4166 
4149 4167 
4151 4167 
4152 4176 
4152 4177 
4153 4160 
4153 4162 
4154 4155 
4155 4157 
4156 4166 
4157 4168 
4157 4173 
4158 4159 
4160 4161 
4161 4163 
4162 4164 
4162 4165 
4163 4169 
4163 4165 
4164 4168 
4167 4183 
4172 4173 
4177 4178 
4178 4189 
4178 4190 
4179 4181 
4183 4184 
4185 4186 
4186 4187 
4190 4191 
4192 4193 
4193 4194 
4193 4195 
4194 4224 
4194 4229 
4196 4197 
4196 4198 
4196 4199 
4197 4200 
4197 4201 
4198 4202 
4199 4203 
4199 4204 
4200 4240 
4200 4202 
4200 4241 
4200 4242 
4200 4243 
4201 4244 
4202 4212 
4202 4247 
4202 4248 
4202 4249 
4202 4222 
4202 4250 
4203 4278 
4203 4283 
4203 4284 
4204 4221 
4204 4279 
4205 4206 
4205 4207 
4206 4208 
4207 4209 
4208 4210 
4208 4211 
4209 4300 
4210 4212 
4211 4288 
4213 4214 
4214 4215 
4214 4216 
4215 4225 
4215 4251 
4215 4272 
4215 4273 
4215 4274 
4216 4294 
4216 4239 
4217 4218 
4217 4219 
4218 4219 
4218 4220 
4219 4221 
4219 4222 
4219 4223 
4220 4290 
4221 4243 
4221 4237 
4221 4280 
4221 4281 
4221 4270 
4222 4246 
4222 4289 
4223 4251 
4224 4225 
4224 4226 
4224 4227 
4225 4227 
4225 4228 
4226 4230 
4228 4275 
4229 4274 
4229 4275 
4230 4311 
4231 4232 
4231 4233 
4231 4234 
4232 4235 
4232 4236 
4232 4237 
4233 4238 
4234 4239 
4237 4276 
4237 4277 
4239 4293 
4240 4245 
4240 4246 
4242 4247 
4243 4251 
4244 4252 
4246 4261 
4247 4252 
4247 4254 
4247 4255 
4251 4301 
4252 4253 
4253 4256 
4254 4256 
4255 4257 
4258 4259 
4258 4260 
4258 4261 
4259 4265 
4260 4268 
4261 4269 
4261 4270 
4262 4296 
4263 4299 
4263 4298 
4264 4305 
4265 4266 
4265 4267 
4266 4302 
4268 4290 
4268 4269 
4268 4270 
4268 4301 
4270 4290 
4270 4304 
4271 4286 
4275 4311 
4275 4312 
4276 4278 
4277 4282 
4278 4279 
4280 4290 
4282 4315 
4282 4316 
4282 4317 
4285 4286 
4286 4287 
4290 4291 
4291 4302 
4291 4303 
4292 4293 
4292 4294 
4295 4296 
4295 4297 
4297 4298 
4298 4305 
4300 4306 
4302 4303 
4302 4304 
4306 4307 
4307 4308 
4307 4309 
4308 4310 
4309 4310 
4310 4313 
4310 4314 
4314 4369 
4314 4370 
4314 4371 
4314 4372 
4314 4373 
4318 4319 
4319 4320 
4319 4321 
4320 4324 
4320 4325 
4320 4326 
4324 4347 
4324 4348 
4325 4326 
4325 4349 
4327 4404 
4327 4405 
4327 4406 
4327 4407 
4328 4405 
4328 4438 
4328 4439 
4328 4440 
4329 4475 
4330 4332 
4330 4333 
4330 4334 
4330 4335 
4332 4339 
4332 4346 
4333 4351 
4334 4476 
4334 4477 
4334 4478 
4334 4479 
4334 4480 
4335 4353 
4335 4481 
4337 4504 
4337 4505 
4338 4339 
4338 4340 
4340 4341 
4340 4342 
4343 4434 
4343 4435 
4343 4344 
4343 4436 
4344 4484 
4344 4485 
4345 4492 
4345 4493 
4345 4494 
4345 4495 
4345 4496 
4346 4497 
4346 4498 
4347 4424 
4347 4425 
4347 4426 
4350 4351 
4351 4352 
4351 4353 
4354 4355 
4354 4356 
4355 4357 
4355 4358 
4355 4359 
4357 4361 
4357 4370 
4357 4394 
4357 4395 
4357 4396 
4357 4397 
4358 4396 
4358 4398 
4360 4361 
4360 4362 
4361 4363 
4361 4364 
4362 4365 
4362 4366 
4362 4367 
4362 4368 
4363 4399 
4363 4400 
4364 4465 
4364 4466 
4368 4506 
4368 4507 
4368 4508 
4370 4382 
4370 4386 
4370 4387 
4371 4401 
4372 4402 
4374 4375 
4374 4376 
4374 4377 
4374 4378 
4374 4379 
4375 4377 
4379 4380 
4379 4381 
4382 4383 
4382 4384 
4382 4385 
4386 4387 
4386 4457 
4387 4458 
4387 4459 
4388 4404 
4388 4408 
4388 4409 
4389 4410 
4390 4391 
4390 4392 
4390 4393 
4394 4454 
4395 4460 
4395 4461 
4395 4462 
4395 4463 
4395 4464 
4397 4423 
4401 4403 
4404 4415 
4404 4419 
4404 4422 
4405 4437 
4406 4441 
4406 4442 
4406 4443 
4407 4448 
4407 4449 
4407 4450 
4407 4451 
4407 4452 
4407 4453 
4409 4472 
4409 4473 
4409 4474 
4414 4415 
4414 4416 
4414 4417 
4415 4418 
4415 4419 
4418 4420 
4418 4421 
4422 4467 
4430 4431 
4433 4434 
4435 4482 
4435 4483 
4436 4499 
4436 4500 
4436 4501 
4441 4444 
4441 4445 
4441 4446 
4441 4447 
4454 4455 
4454 4456 
4476 4488 
4476 4489 
4476 4490 
4476 4491 
4481 4502 
4481 4503 
4484 4486 
4484 4487 
4509 4510 
4509 4511 
4509 4512 
4509 4513 
4509 4514 
4510 4511 
4510 4515 
4510 4516 
4510 4517 
4510 4518 
4510 4519 
4510 4520 
4510 4521 
4511 4522 
4511 4519 
4513 4514 
4513 4523 
4513 4524 
4513 4525 
4513 4526 
4513 4527 
4513 4528 
4514 4520 
4514 4529 
4515 4532 
4515 4546 
4515 4549 
4515 4522 
4515 4555 
4515 4516 
4515 4556 
4515 4557 
4516 4532 
4516 4549 
4516 4522 
4516 4555 
4516 4556 
4516 4557 
4516 4518 
4516 4519 
4516 4579 
4516 4580 
4516 4581 
4516 4582 
4518 4557 
4518 4519 
4518 4585 
4518 4563 
4519 4520 
4519 4521 
4519 4528 
4520 4529 
4520 4528 
4520 4586 
4522 4532 
4522 4546 
4522 4547 
4522 4549 
4522 4552 
4522 4542 
4522 4524 
4522 4545 
4523 4541 
4523 4542 
4523 4543 
4523 4544 
4523 4524 
4523 4525 
4523 4545 
4524 4552 
4524 4543 
4524 4544 
4524 4525 
4524 4545 
4525 4550 
4525 4542 
4525 4543 
4525 4544 
4525 4545 
4528 4593 
4530 4531 
4530 4532 
4531 4533 
4531 4534 
4532 4535 
4532 4534 
4532 4536 
4532 4537 
4532 4538 
4532 4539 
4533 4535 
4534 4536 
4535 4536 
4535 4540 
4536 4548 
4536 4558 
4536 4538 
4536 4570 
4537 4581 
4538 4588 
4539 4556 
4540 4562 
4540 4584 
4542 4546 
4542 4547 
4542 4549 
4542 4552 
4542 4566 
4542 4567 
4543 4546 
4543 4550 
4543 4544 
4543 4545 
4544 4550 
4544 4545 
4546 4547 
4546 4548 
4546 4549 
4546 4550 
4546 4551 
4546 4552 
4546 4553 
4547 4549 
4547 4552 
4547 4554 
4548 4553 
4548 4558 
4548 4555 
4548 4559 
4549 4552 
4551 4558 
4551 4560 
4551 4561 
4551 4555 
4551 4562 
4551 4563 
4551 4564 
4551 4565 
4555 4558 
4555 4561 
4555 4556 
4555 4557 
4555 4562 
4555 4563 
4555 4578 
4556 4557 
4556 4579 
4556 4580 
4556 4582 
4556 4563 
4556 4583 
4557 4579 
4557 4562 
4557 4584 
4557 4574 
4557 4563 
4557 4583 
4558 4560 
4558 4568 
4558 4561 
4560 4569 
4561 4568 
4561 4569 
4561 4574 
4562 4590 
4563 4568 
4563 4574 
4563 4575 
4568 4571 
4568 4572 
4568 4573 
4568 4574 
4568 4575 
4568 4576 
4568 4577 
4571 4589 
4571 4572 
4572 4573 
4572 4575 
4572 4576 
4573 4574 
4574 4575 
4575 4576 
4575 4591 
4576 4592 
4579 4585 
4585 4587 
4587 4591 
4595 4596 
4596 4599 
4597 4598 
4599 4600 
4607 4608 
4608 4614 
4608 4615 
4609 4616 
4611 4676 
4612 4677 
4613 4678 
4614 4713 
4615 4694 
4616 4617 
4617 4743 
4617 4744 
4617 4745 
4618 4622 
4618 4623 
4619 4624 
4619 4625 
4619 4626 
4619 4627 
4619 4628 
4620 4629 
4620 4630 
4624 4737 
4624 4788 
4625 4626 
4625 4822 
4625 4823 
4625 4824 
4626 4825 
4627 4653 
4627 4832 
4627 4833 
4628 4825 
4628 4839 
4630 4845 
4631 4632 
4631 4633 
4631 4634 
4632 4635 
4633 4636 
4633 4637 
4635 4746 
4635 4820 
4635 4841 
4636 4779 
4636 4786 
4637 4749 
4638 4639 
4638 4640 
4639 4641 
4640 4642 
4640 4643 
4642 4669 
4643 4677 
4644 4645 
4645 4646 
4646 4719 
4646 4720 
4647 4648 
4647 4649 
4647 4650 
4647 4651 
4648 4652 
4648 4653 
4648 4654 
4649 4655 
4649 4656 
4650 4657 
4651 4658 
4652 4737 
4652 4658 
4652 4738 
4654 4695 
4656 4828 
4656 4840 
4657 4721 
4657 4722 
4658 4738 
4659 4802 
4660 4668 
4660 4920 
4660 4921 
4663 4929 
4665 4756 
4665 4759 
4668 4905 
4670 4671 
4671 4696 
4671 4698 
4671 4699 
4671 4700 
4672 4673 
4673 4674 
4673 4675 
4674 4680 
4674 4686 
4676 4690 
4676 4715 
4678 4778 
4678 4742 
4678 4780 
4679 4680 
4679 4681 
4679 4682 
4680 4683 
4681 4684 
4682 4685 
4683 4687 
4683 4688 
4684 4716 
4684 4687 
4685 4734 
4686 4836 
4687 4716 
4688 4860 
4688 4836 
4689 4690 
4689 4691 
4691 4692 
4691 4693 
4691 4694 
4692 4821 
4696 4697 
4697 4701 
4697 4702 
4698 4719 
4701 4814 
4701 4816 
4702 4820 
4703 4732 
4704 4731 
4705 4707 
4707 4844 
4708 4709 
4708 4710 
4709 4711 
4710 4712 
4711 4789 
4712 4741 
4713 4714 
4714 4753 
4715 4899 
4716 4717 
4717 4718 
4722 4723 
4722 4724 
4723 4741 
4725 4726 
4725 4727 
4726 4728 
4726 4729 
4726 4730 
4727 4731 
4727 4732 
4728 4755 
4728 4757 
4728 4758 
4729 4763 
4729 4774 
4730 4777 
4731 4754 
4733 4734 
4735 4736 
4736 4813 
4737 4787 
4741 4742 
4743 4746 
4743 4747 
4743 4748 
4744 4749 
4746 4760 
4748 4761 
4750 4751 
4750 4752 
4752 4753 
4753 4781 
4753 4772 
4755 4756 
4761 4820 
4762 4763 
4762 4764 
4763 4765 
4763 4766 
4763 4767 
4763 4768 
4763 4769 
4763 4770 
4764 4771 
4766 4772 
4766 4773 
4767 4775 
4767 4776 
4771 4803 
4771 4804 
4771 4805 
4771 4806 
4775 4859 
4778 4779 
4780 4850 
4782 4783 
4782 4784 
4782 4785 
4783 4800 
4783 4827 
4784 4842 
4785 4803 
4789 4793 
4790 4797 
4791 4828 
4792 4796 
4792 4837 
4795 4798 
4796 4799 
4797 4812 
4798 4857 
4800 4801 
4801 4809 
4803 4807 
4807 4858 
4808 4809 
4808 4810 
4808 4811 
4814 4815 
4817 4846 
4817 4847 
4817 4848 
4817 4849 
4818 4868 
4819 4870 
4821 4834 
4825 4826 
4827 4856 
4828 4829 
4836 4902 
4837 4838 
4839 4851 
4846 4865 
4847 4863 
4847 4871 
4847 4872 
4847 4873 
4848 4897 
4852 4888 
4853 4855 
4853 4891 
4854 4898 
4855 4880 
4855 4885 
4855 4886 
4856 4900 
4860 4901 
4861 4862 
4861 4863 
4862 4864 
4864 4878 
4865 4866 
4866 4867 
4867 4878 
4868 4869 
4869 4870 
4871 4874 
4871 4875 
4871 4876 
4871 4877 
4872 4874 
4875 4879 
4876 4887 
4877 4885 
4879 4880 
4879 4881 
4879 4882 
4879 4883 
4879 4884 
4881 4887 
4886 4896 
4888 4889 
4889 4890 
4890 4896 
4891 4892 
4891 4893 
4897 4898 
4904 4906 
4904 4908 
4906 4907 
4907 4908 
4909 4910 
4913 4914 
4913 4915 
4914 4916 
4915 4917 
4916 4923 
4916 4919 
4916 4927 
4917 4918 
4918 4919 
4924 4930 
4924 4932 
4925 4935 
4930 4931 
4931 4933 
4936 4937 
4938 4939 
